40
   0    0     35.604    592.642      0.000 4
   1    1     93.415    782.424      0.000 4
   2    2     99.073    376.164      0.000 4
   3    3    104.833     34.681      0.000 4
   4    4    116.406    960.966      0.000 4
   5    5    148.351    310.376      0.000 4
   6    6    177.520    234.744      0.000 4
   7    7    225.166    899.316      0.000 4
   8    8    250.927    376.358      0.000 4
   9    9    253.372    313.511      0.000 4
  10   10    256.489    896.253      0.000 4
  11   11    293.479    445.956      0.000 4
  12   12    303.012    429.646      0.000 4
  13   13    316.506    404.206      0.000 4
  14   14    337.031    740.950      0.000 4
  15   15    347.805    191.257      0.000 4
  16   16    351.479    886.582      0.000 4
  17   17    400.566    365.640      0.000 4
  18   18    411.130    798.744      0.000 4
  19   19    419.321    251.966      0.000 4
  20   20    442.533    189.082      0.000 4
  21   21    480.089    150.403      0.000 4
  22   22    490.667    196.404      0.000 4
  23   23    491.182    340.844      0.000 4
  24   24    512.704    789.047      0.000 4
  25   25    526.885    722.245      0.000 4
  26   26    531.141    624.349      0.000 4
  27   27    546.663    439.698      0.000 4
  28   28    555.084    795.124      0.000 4
  29   29    562.330    858.097      0.000 4
  30   30    633.988    361.118      0.000 4
  31   31    639.722    212.618      0.000 4
  32   32    657.917    140.491      0.000 4
  33   33    708.040    234.962      0.000 4
  34   34    801.013    388.216      0.000 4
  35   35    817.131    278.986      0.000 4
  36   36    823.963    905.424      0.000 4
  37   37    877.414    219.048      0.000 4
  38   38    918.454    120.210      0.000 4
  39   39    983.816    714.508      0.000 4
