40
   0    0     33.629    710.839      0.000 4
   1    1     82.368    589.003      0.000 4
   2    2    140.177    778.765      0.000 4
   3    3    145.826    372.525      0.000 4
   4    4    151.580     31.015      0.000 4
   5    5    163.136    957.344      0.000 4
   6    6    195.088    306.707      0.000 4
   7    7    224.284    231.121      0.000 4
   8    8    271.914    895.639      0.000 4
   9    9    297.689    372.753      0.000 4
  10   10    300.110    309.872      0.000 4
  11   11    303.231    892.648      0.000 4
  12   12    340.211    442.306      0.000 4
  13   13    349.788    426.008      0.000 4
  14   14    363.260    400.553      0.000 4
  15   15    383.784    737.295      0.000 4
  16   16    394.557    187.618      0.000 4
  17   17    398.246    882.939      0.000 4
  18   18    447.332    362.005      0.000 4
  19   19    457.903    795.076      0.000 4
  20   20    466.048    248.344      0.000 4
  21   21    489.288    185.453      0.000 4
  22   22    526.841    146.728      0.000 4
  23   23    537.385    192.790      0.000 4
  24   24    537.945    337.190      0.000 4
  25   25    559.479    785.410      0.000 4
  26   26    573.631    718.609      0.000 4
  27   27    577.849    620.686      0.000 4
  28   28    593.442    436.080      0.000 4
  29   29    601.818    791.452      0.000 4
  30   30    609.091    854.461      0.000 4
  31   31    680.739    357.465      0.000 4
  32   32    686.473    208.991      0.000 4
  33   33    704.652    136.845      0.000 4
  34   34    754.798    231.315      0.000 4
  35   35    847.783    384.598      0.000 4
  36   36    863.899    275.337      0.000 4
  37   37    870.733    901.805      0.000 4
  38   38    924.170    215.415      0.000 4
  39   39    965.232    116.560      0.000 4
