39
   0    1     60.139    785.474      0.000 4
   1    2     65.762    379.246      0.000 4
   2    3     71.524     37.732      0.000 4
   3    4     83.097    964.012      0.000 4
   4    5    115.051    313.416      0.000 4
   5    6    144.248    237.792      0.000 4
   6    7    191.880    902.357      0.000 4
   7    8    217.648    379.403      0.000 4
   8    9    220.081    316.555      0.000 4
   9   10    223.191    899.304      0.000 4
  10   11    260.173    449.002      0.000 4
  11   12    269.730    432.707      0.000 4
  12   13    283.227    407.255      0.000 4
  13   14    303.749    743.992      0.000 4
  14   15    314.524    194.304      0.000 4
  15   16    318.205    889.627      0.000 4
  16   17    367.293    368.686      0.000 4
  17   18    377.867    801.792      0.000 4
  18   19    386.009    255.013      0.000 4
  19   20    409.242    192.134      0.000 4
  20   21    446.804    153.446      0.000 4
  21   22    457.345    199.447      0.000 4
  22   23    457.906    343.890      0.000 4
  23   24    479.445    792.092      0.000 4
  24   25    493.591    725.298      0.000 4
  25   26    497.815    627.389      0.000 4
  26   27    513.403    442.743      0.000 4
  27   28    521.785    798.169      0.000 4
  28   29    529.047    861.142      0.000 4
  29   30    600.697    364.161      0.000 4
  30   31    606.440    215.660      0.000 4
  31   32    624.615    143.537      0.000 4
  32   33    674.757    238.015      0.000 4
  33   34    767.730    391.283      0.000 4
  34   35    783.866    282.031      0.000 4
  35   36    790.693    908.486      0.000 4
  36   37    844.135    222.114      0.000 4
  37   38    885.164    123.281      0.000 4
  38   39    950.544    717.549      0.000 4
