40
   0    0     30.085    593.614      0.000 4
   1    1     87.858    783.397      0.000 4
   2    2     93.529    377.149      0.000 4
   3    3     99.248     35.651      0.000 4
   4    4    110.851    961.935      0.000 4
   5    5    142.771    311.350      0.000 4
   6    6    171.974    235.720      0.000 4
   7    7    219.610    900.292      0.000 4
   8    8    245.346    377.323      0.000 4
   9    9    247.815    314.486      0.000 4
  10   10    250.954    897.227      0.000 4
  11   11    287.942    446.932      0.000 4
  12   12    297.474    430.618      0.000 4
  13   13    310.946    405.183      0.000 4
  14   14    331.496    741.924      0.000 4
  15   15    342.265    192.230      0.000 4
  16   16    345.936    887.557      0.000 4
  17   17    395.027    366.609      0.000 4
  18   18    405.601    799.713      0.000 4
  19   19    413.761    252.937      0.000 4
  20   20    436.993    190.058      0.000 4
  21   21    474.540    151.381      0.000 4
  22   22    485.100    197.377      0.000 4
  23   23    485.662    341.819      0.000 4
  24   24    507.177    790.017      0.000 4
  25   25    521.335    723.218      0.000 4
  26   26    525.573    625.324      0.000 4
  27   27    541.136    440.674      0.000 4
  28   28    549.537    796.070      0.000 4
  29   29    556.810    859.071      0.000 4
  30   30    628.446    362.090      0.000 4
  31   31    634.172    213.594      0.000 4
  32   32    652.385    141.465      0.000 4
  33   33    702.495    235.938      0.000 4
  34   34    795.471    389.189      0.000 4
  35   35    811.597    279.963      0.000 4
  36   36    818.416    906.407      0.000 4
  37   37    871.861    220.026      0.000 4
  38   38    912.911    121.175      0.000 4
  39   39    978.302    715.476      0.000 4
