40
   0    0     50.289    712.031      0.000 4
   1    1     99.001    590.194      0.000 4
   2    2    156.787    779.947      0.000 4
   3    3    162.473    373.677      0.000 4
   4    4    168.189     32.167      0.000 4
   5    5    179.788    958.487      0.000 4
   6    6    211.717    307.893      0.000 4
   7    7    240.911    232.303      0.000 4
   8    8    288.555    896.825      0.000 4
   9    9    314.284    373.911      0.000 4
  10   10    316.737    311.037      0.000 4
  11   11    319.892    893.812      0.000 4
  12   12    356.886    443.480      0.000 4
  13   13    366.404    427.162      0.000 4
  14   14    379.891    401.715      0.000 4
  15   15    400.436    738.468      0.000 4
  16   16    411.207    188.781      0.000 4
  17   17    414.854    884.133      0.000 4
  18   18    463.964    363.192      0.000 4
  19   19    474.536    796.235      0.000 4
  20   20    482.670    249.491      0.000 4
  21   21    505.931    186.599      0.000 4
  22   22    543.484    147.919      0.000 4
  23   23    554.043    193.942      0.000 4
  24   24    554.607    338.341      0.000 4
  25   25    576.126    786.565      0.000 4
  26   26    590.269    719.774      0.000 4
  27   27    594.514    621.844      0.000 4
  28   28    610.075    437.260      0.000 4
  29   29    618.479    792.617      0.000 4
  30   30    625.749    855.632      0.000 4
  31   31    697.384    358.634      0.000 4
  32   32    703.110    210.153      0.000 4
  33   33    721.329    138.014      0.000 4
  34   34    771.441    232.494      0.000 4
  35   35    864.411    385.779      0.000 4
  36   36    880.540    276.509      0.000 4
  37   37    887.346    902.962      0.000 4
  38   38    940.800    216.576      0.000 4
  39   39    981.848    117.711      0.000 4
