40
   0    0     18.597    711.348      0.000 4
   1    1     67.337    589.484      0.000 4
   2    2    125.152    779.268      0.000 4
   3    3    130.774    373.009      0.000 4
   4    4    136.550     31.478      0.000 4
   5    5    148.108    957.809      0.000 4
   6    6    180.056    307.226      0.000 4
   7    7    209.260    231.593      0.000 4
   8    8    256.888    896.132      0.000 4
   9    9    282.658    373.189      0.000 4
  10   10    285.082    310.360      0.000 4
  11   11    288.198    893.100      0.000 4
  12   12    325.184    442.810      0.000 4
  13   13    334.751    426.484      0.000 4
  14   14    348.236    401.051      0.000 4
  15   15    368.758    737.777      0.000 4
  16   16    379.531    188.082      0.000 4
  17   17    383.213    883.424      0.000 4
  18   18    432.301    362.484      0.000 4
  19   19    442.873    795.573      0.000 4
  20   20    451.024    248.808      0.000 4
  21   21    474.250    185.924      0.000 4
  22   22    511.812    147.225      0.000 4
  23   23    522.357    193.248      0.000 4
  24   24    522.916    337.686      0.000 4
  25   25    544.454    785.883      0.000 4
  26   26    558.602    719.077      0.000 4
  27   27    562.822    621.198      0.000 4
  28   28    578.410    436.555      0.000 4
  29   29    586.788    791.932      0.000 4
  30   30    594.057    854.944      0.000 4
  31   31    665.704    357.957      0.000 4
  32   32    671.446    209.477      0.000 4
  33   33    689.620    137.348      0.000 4
  34   34    739.766    231.805      0.000 4
  35   35    832.761    385.068      0.000 4
  36   36    848.876    275.841      0.000 4
  37   37    855.704    902.256      0.000 4
  38   38    909.148    215.888      0.000 4
  39   39    950.168    117.044      0.000 4
