39
   0    0     66.949    711.847      0.000 4
   1    1    115.666    590.020      0.000 4
   2    2    173.481    779.785      0.000 4
   3    3    179.144    373.539      0.000 4
   4    4    184.897     32.025      0.000 4
   5    5    196.462    958.354      0.000 4
   6    6    228.414    307.715      0.000 4
   7    7    257.586    232.132      0.000 4
   8    8    305.230    896.649      0.000 4
   9    9    330.981    373.766      0.000 4
  10   10    333.440    310.879      0.000 4
  11   11    336.561    893.662      0.000 4
  12   12    373.550    443.321      0.000 4
  13   13    383.075    427.017      0.000 4
  14   14    396.572    401.567      0.000 4
  15   15    417.092    738.315      0.000 4
  16   16    427.870    188.624      0.000 4
  17   17    431.546    883.958      0.000 4
  18   18    480.627    363.015      0.000 4
  19   19    491.196    796.086      0.000 4
  20   20    499.382    249.355      0.000 4
  21   21    522.592    186.462      0.000 4
  22   22    560.155    147.737      0.000 4
  23   23    570.729    193.802      0.000 4
  24   24    571.250    338.195      0.000 4
  25   25    592.793    786.420      0.000 4
  26   26    606.949    719.617      0.000 4
  27   27    611.206    621.698      0.000 4
  28   28    626.732    437.085      0.000 4
  29   29    635.173    792.465      0.000 4
  30   30    642.409    855.480      0.000 4
  31   31    714.066    358.476      0.000 4
  32   32    719.790    210.004      0.000 4
  33   33    737.983    137.864      0.000 4
  34   34    788.103    232.323      0.000 4
  35   35    881.074    385.604      0.000 4
  36   36    897.193    276.348      0.000 4
  37   37    904.027    902.818      0.000 4
  38   38    957.480    216.430      0.000 4
