40
  -1    0      7.369    714.658      0.000 4
   0    1     56.099    592.798      0.000 4
   1    2    113.866    782.579      0.000 4
   2    3    119.538    376.349      0.000 4
   3    4    125.256     34.839      0.000 4
   4    5    136.856    961.124      0.000 4
   5    6    168.779    310.525      0.000 4
   6    7    197.986    234.925      0.000 4
   7    8    245.618    899.464      0.000 4
   8    9    271.353    376.554      0.000 4
   9   10    273.823    313.660      0.000 4
  10   11    276.955    896.431      0.000 4
  11   12    313.951    446.104      0.000 4
  12   13    323.477    429.830      0.000 4
  13   14    336.955    404.364      0.000 4
  14   15    357.503    741.093      0.000 4
  15   16    368.274    191.418      0.000 4
  16   17    371.941    886.734      0.000 4
  17   18    421.032    365.792      0.000 4
  18   19    431.618    798.896      0.000 4
  19   20    439.767    252.129      0.000 4
  20   21    463.005    189.245      0.000 4
  21   22    500.548    150.550      0.000 4
  22   23    511.110    196.605      0.000 4
  23   24    511.671    340.998      0.000 4
  24   25    533.189    789.205      0.000 4
  25   26    547.341    722.409      0.000 4
  26   27    551.582    624.502      0.000 4
  27   28    567.146    439.882      0.000 4
  28   29    575.549    795.275      0.000 4
  29   30    582.817    858.252      0.000 4
  30   31    654.454    361.273      0.000 4
  31   32    660.181    212.801      0.000 4
  32   33    678.392    140.637      0.000 4
  33   34    728.502    235.126      0.000 4
  34   35    821.485    388.401      0.000 4
  35   36    837.613    279.139      0.000 4
  36   37    844.429    905.599      0.000 4
  37   38    897.872    219.227      0.000 4
  38   39    938.918    120.381      0.000 4
