40
   0    0     23.231    710.456      0.000 4
   1    1     71.923    588.596      0.000 4
   2    2    129.733    778.378      0.000 4
   3    3    135.411    372.124      0.000 4
   4    4    141.124     30.626      0.000 4
   5    5    152.724    956.919      0.000 4
   6    6    184.656    306.333      0.000 4
   7    7    213.827    230.706      0.000 4
   8    8    261.493    895.277      0.000 4
   9    9    287.220    372.302      0.000 4
  10   10    289.676    309.466      0.000 4
  11   11    292.834    892.208      0.000 4
  12   12    329.826    441.915      0.000 4
  13   13    339.341    425.608      0.000 4
  14   14    352.823    400.161      0.000 4
  15   15    373.366    736.906      0.000 4
  16   16    384.139    187.207      0.000 4
  17   17    387.796    882.536      0.000 4
  18   18    436.875    361.595      0.000 4
  19   19    447.474    794.695      0.000 4
  20   20    455.614    247.923      0.000 4
  21   21    478.870    185.038      0.000 4
  22   22    516.425    146.362      0.000 4
  23   23    526.980    192.356      0.000 4
  24   24    527.517    336.798      0.000 4
  25   25    549.056    784.996      0.000 4
  26   26    563.208    718.199      0.000 4
  27   27    567.453    620.306      0.000 4
  28   28    583.012    435.659      0.000 4
  29   29    591.417    791.049      0.000 4
  30   30    598.693    854.055      0.000 4
  31   31    670.321    357.053      0.000 4
  32   32    676.047    208.575      0.000 4
  33   33    694.272    136.448      0.000 4
  34   34    744.352    230.919      0.000 4
  35   35    837.343    384.177      0.000 4
  36   36    853.473    274.940      0.000 4
  37   37    860.274    901.388      0.000 4
  38   38    913.736    215.007      0.000 4
  39   39    954.787    116.151      0.000 4
