40
  -1    0      6.400    594.726      0.000 4
   0    1     64.202    784.503      0.000 4
   1    2     69.856    378.272      0.000 4
   2    3     75.613     36.758      0.000 4
   3    4     87.165    963.044      0.000 4
   4    5    119.121    312.451      0.000 4
   5    6    148.312    236.822      0.000 4
   6    7    195.943    901.388      0.000 4
   7    8    221.719    378.438      0.000 4
   8    9    224.146    315.584      0.000 4
   9   10    227.252    898.348      0.000 4
  10   11    264.257    448.032      0.000 4
  11   12    273.812    431.753      0.000 4
  12   13    287.292    406.284      0.000 4
  13   14    307.822    743.019      0.000 4
  14   15    318.590    193.332      0.000 4
  15   16    322.269    888.662      0.000 4
  16   17    371.353    367.721      0.000 4
  17   18    381.930    800.819      0.000 4
  18   19    390.074    254.045      0.000 4
  19   20    413.340    191.167      0.000 4
  20   21    450.865    152.475      0.000 4
  21   22    461.415    198.502      0.000 4
  22   23    461.968    342.917      0.000 4
  23   24    483.504    791.123      0.000 4
  24   25    497.661    724.326      0.000 4
  25   26    501.903    626.423      0.000 4
  26   27    517.463    441.774      0.000 4
  27   28    525.842    797.198      0.000 4
  28   29    533.110    860.174      0.000 4
  29   30    604.762    363.191      0.000 4
  30   31    610.500    214.715      0.000 4
  31   32    628.675    142.566      0.000 4
  32   33    678.823    237.045      0.000 4
  33   34    771.810    390.310      0.000 4
  34   35    787.928    281.060      0.000 4
  35   36    794.753    907.516      0.000 4
  36   37    848.202    221.142      0.000 4
  37   38    889.260    122.310      0.000 4
  38   39    954.606    716.581      0.000 4
