40
   0    0     25.418    595.266      0.000 4
   1    1     83.229    785.036      0.000 4
   2    2     88.884    378.758      0.000 4
   3    3     94.641     37.246      0.000 4
   4    4    106.188    963.565      0.000 4
   5    5    138.144    312.977      0.000 4
   6    6    167.337    237.382      0.000 4
   7    7    214.973    901.913      0.000 4
   8    8    240.738    378.989      0.000 4
   9    9    243.164    316.126      0.000 4
  10   10    246.283    898.890      0.000 4
  11   11    283.291    448.567      0.000 4
  12   12    292.835    432.241      0.000 4
  13   13    306.318    406.800      0.000 4
  14   14    326.844    743.559      0.000 4
  15   15    337.617    193.864      0.000 4
  16   16    341.296    889.210      0.000 4
  17   17    390.383    368.268      0.000 4
  18   18    400.950    801.316      0.000 4
  19   19    409.101    254.571      0.000 4
  20   20    432.364    191.675      0.000 4
  21   21    469.900    153.005      0.000 4
  22   22    480.434    199.034      0.000 4
  23   23    480.998    343.425      0.000 4
  24   24    502.531    791.641      0.000 4
  25   25    516.690    724.870      0.000 4
  26   26    520.930    626.953      0.000 4
  27   27    536.489    442.346      0.000 4
  28   28    544.868    797.702      0.000 4
  29   29    552.136    860.738      0.000 4
  30   30    623.794    363.715      0.000 4
  31   31    629.523    215.239      0.000 4
  32   32    647.699    143.104      0.000 4
  33   33    697.850    237.569      0.000 4
  34   34    790.835    390.864      0.000 4
  35   35    806.953    281.598      0.000 4
  36   36    813.782    908.044      0.000 4
  37   37    867.224    221.666      0.000 4
  38   38    908.281    122.820      0.000 4
  39   39    973.633    717.138      0.000 4
