40
   0    0     39.225    711.517      0.000 4
   1    1     87.919    589.658      0.000 4
   2    2    145.731    779.433      0.000 4
   3    3    151.408    373.184      0.000 4
   4    4    157.118     31.685      0.000 4
   5    5    168.723    957.979      0.000 4
   6    6    200.651    307.390      0.000 4
   7    7    229.826    231.762      0.000 4
   8    8    277.492    896.332      0.000 4
   9    9    303.216    373.370      0.000 4
  10   10    305.669    310.524      0.000 4
  11   11    308.832    893.264      0.000 4
  12   12    345.822    442.972      0.000 4
  13   13    355.337    426.669      0.000 4
  14   14    368.820    401.223      0.000 4
  15   15    389.363    737.960      0.000 4
  16   16    400.137    188.276      0.000 4
  17   17    403.790    883.596      0.000 4
  18   18    452.869    362.654      0.000 4
  19   19    463.465    795.755      0.000 4
  20   20    471.608    248.980      0.000 4
  21   21    494.865    186.101      0.000 4
  22   22    532.420    147.418      0.000 4
  23   23    542.978    193.416      0.000 4
  24   24    543.513    337.861      0.000 4
  25   25    565.050    786.059      0.000 4
  26   26    579.201    719.259      0.000 4
  27   27    583.447    621.364      0.000 4
  28   28    599.006    436.717      0.000 4
  29   29    607.411    792.136      0.000 4
  30   30    614.688    855.114      0.000 4
  31   31    686.319    358.130      0.000 4
  32   32    692.043    209.631      0.000 4
  33   33    710.268    137.504      0.000 4
  34   34    760.350    231.982      0.000 4
  35   35    853.333    385.231      0.000 4
  36   36    869.470    276.001      0.000 4
  37   37    876.273    902.449      0.000 4
  38   38    929.731    216.084      0.000 4
  39   39    970.781    117.223      0.000 4
