40
   0    0     45.867    593.795      0.000 4
   1    1    103.685    783.585      0.000 4
   2    2    109.366    377.351      0.000 4
   3    3    115.087     35.839      0.000 4
   4    4    126.644    962.124      0.000 4
   5    5    158.605    311.527      0.000 4
   6    6    187.774    235.924      0.000 4
   7    7    235.449    900.461      0.000 4
   8    8    261.165    377.550      0.000 4
   9    9    263.627    314.659      0.000 4
  10   10    266.780    897.431      0.000 4
  11   11    303.758    447.107      0.000 4
  12   12    313.287    430.828      0.000 4
  13   13    326.774    405.364      0.000 4
  14   14    347.314    742.090      0.000 4
  15   15    358.073    192.416      0.000 4
  16   16    361.747    887.735      0.000 4
  17   17    410.822    366.789      0.000 4
  18   18    421.411    799.893      0.000 4
  19   19    429.565    253.127      0.000 4
  20   20    452.818    190.242      0.000 4
  21   21    490.377    151.552      0.000 4
  22   22    500.930    197.605      0.000 4
  23   23    501.472    342.000      0.000 4
  24   24    523.002    790.202      0.000 4
  25   25    537.139    723.406      0.000 4
  26   26    541.401    625.502      0.000 4
  27   27    556.957    440.883      0.000 4
  28   28    565.360    796.269      0.000 4
  29   29    572.617    859.249      0.000 4
  30   30    644.268    362.273      0.000 4
  31   31    649.997    213.797      0.000 4
  32   32    668.192    141.639      0.000 4
  33   33    718.305    236.120      0.000 4
  34   34    811.290    389.391      0.000 4
  35   35    827.417    280.132      0.000 4
  36   36    834.228    906.597      0.000 4
  37   37    887.683    220.219      0.000 4
  38   38    928.705    121.385      0.000 4
  39   -2    994.124    715.659      0.000 4
