40
   0    0     61.391    712.889      0.000 4
   1    1    110.135    591.059      0.000 4
   2    2    167.899    780.797      0.000 4
   3    3    173.575    374.553      0.000 4
   4    4    179.298     33.041      0.000 4
   5    5    190.895    959.367      0.000 4
   6    6    222.845    308.736      0.000 4
   7    7    252.026    233.175      0.000 4
   8    8    299.652    897.664      0.000 4
   9    9    325.397    374.787      0.000 4
  10   10    327.870    311.902      0.000 4
  11   11    330.999    894.683      0.000 4
  12   12    367.986    444.339      0.000 4
  13   13    377.520    428.037      0.000 4
  14   14    391.034    402.583      0.000 4
  15   15    411.539    739.330      0.000 4
  16   16    422.311    189.639      0.000 4
  17   17    425.986    884.973      0.000 4
  18   18    475.073    364.035      0.000 4
  19   19    485.672    797.103      0.000 4
  20   20    493.805    250.368      0.000 4
  21   21    517.041    187.478      0.000 4
  22   22    554.581    148.779      0.000 4
  23   23    565.144    194.816      0.000 4
  24   24    565.709    339.212      0.000 4
  25   25    587.235    787.440      0.000 4
  26   26    601.382    720.637      0.000 4
  27   27    605.618    622.714      0.000 4
  28   28    621.212    438.103      0.000 4
  29   29    629.581    793.485      0.000 4
  30   30    636.849    856.493      0.000 4
  31   31    708.493    359.498      0.000 4
  32   32    714.219    211.021      0.000 4
  33   33    732.424    138.876      0.000 4
  34   34    782.536    233.342      0.000 4
  35   35    875.524    386.619      0.000 4
  36   36    891.648    277.371      0.000 4
  37   37    898.467    903.826      0.000 4
  38   38    951.905    217.445      0.000 4
  39   -2    992.947    118.589      0.000 4
