40
   0    0     40.490    592.383      0.000
   1    1     98.296    782.168      0.000
   2    2    103.957    375.906      0.000
   3    3    109.714     34.364      0.000
   4    4    121.262    960.705      0.000
   5    5    153.237    310.094      0.000
   6    6    182.405    234.496      0.000
   7    7    230.040    899.028      0.000
   8    8    255.812    376.095      0.000
   9    9    258.265    313.268      0.000
  10   10    261.347    896.001      0.000
  11   11    298.355    445.686      0.000
  12   12    307.899    429.377      0.000
  13   13    321.389    403.914      0.000
  14   14    341.928    740.676      0.000
  15   15    352.686    190.991      0.000
  16   16    356.367    886.326      0.000
  17   17    405.451    365.384      0.000
  18   18    416.022    798.453      0.000
  19   19    424.176    251.678      0.000
  20   20    447.424    188.815      0.000
  21   21    484.965    150.124      0.000
  22   22    495.524    196.147      0.000
  23   23    496.066    340.591      0.000
  24   24    517.597    788.780      0.000
  25   25    531.763    721.980      0.000
  26   26    535.998    624.073      0.000
  27   27    551.557    439.456      0.000
  28   28    559.968    794.810      0.000
  29   29    567.202    857.850      0.000
  30   30    638.862    360.832      0.000
  31   31    644.585    212.382      0.000
  32   32    662.798    140.216      0.000
  33   33    712.919    234.704      0.000
  34   34    805.900    387.971      0.000
  35   35    822.018    278.725      0.000
  36   36    828.851    905.153      0.000
  37   37    882.296    218.788      0.000
  38   38    923.344    119.937      0.000
  39   39    988.701    714.246      0.000
