40
   0    0     12.043    596.228      0.000
   1    1     69.827    785.987      0.000
   2    2     75.511    379.715      0.000
   3    3     81.221     38.204      0.000
   4    4     92.825    964.522      0.000
   5    5    124.751    313.933      0.000
   6    6    153.952    238.340      0.000
   7    7    201.593    902.861      0.000
   8    8    227.329    379.949      0.000
   9    9    229.770    317.072      0.000
  10   10    232.929    899.847      0.000
  11   11    269.921    449.514      0.000
  12   12    279.444    433.203      0.000
  13   13    292.926    407.753      0.000
  14   14    313.471    744.507      0.000
  15   15    324.242    194.815      0.000
  16   16    327.889    890.165      0.000
  17   17    377.003    369.230      0.000
  18   18    387.578    802.272      0.000
  19   19    395.704    255.531      0.000
  20   20    418.972    192.636      0.000
  21   21    456.517    153.956      0.000
  22   22    467.086    199.986      0.000
  23   23    467.648    344.384      0.000
  24   24    489.160    792.597      0.000
  25   25    503.307    725.827      0.000
  26   26    507.554    627.904      0.000
  27   27    523.112    443.299      0.000
  28   28    531.514    798.653      0.000
  29   29    538.788    861.692      0.000
  30   30    610.424    364.675      0.000
  31   31    616.148    216.194      0.000
  32   32    634.363    144.053      0.000
  33   33    684.475    238.527      0.000
  34   34    777.451    391.820      0.000
  35   35    793.577    282.546      0.000
  36   36    800.388    909.000      0.000
  37   37    853.841    222.620      0.000
  38   38    894.887    123.750      0.000
  39   39    960.280    718.068      0.000
