40
   0    0     44.481    788.511      0.000
   1    1     50.145    382.283      0.000
   2    2     55.897     40.766      0.000
   3    3     67.463    967.051      0.000
   4    4     99.413    316.461      0.000
   5    5    128.582    240.835      0.000
   6    6    176.231    905.399      0.000
   7    7    201.982    382.453      0.000
   8    8    204.436    319.597      0.000
   9    9    207.557    902.357      0.000
  10   10    244.546    452.040      0.000
  11   11    254.076    435.761      0.000
  12   12    267.575    410.291      0.000
  13   13    288.090    747.028      0.000
  14   14    298.872    197.347      0.000
  15   15    302.546    892.666      0.000
  16   16    351.634    371.725      0.000
  17   17    362.191    804.830      0.000
  18   18    370.379    258.057      0.000
  19   19    393.591    195.173      0.000
  20   20    431.155    156.483      0.000
  21   21    441.730    202.511      0.000
  22   22    442.248    346.930      0.000
  23   23    463.797    795.137      0.000
  24   24    477.947    728.338      0.000
  25   25    482.206    630.435      0.000
  26   26    497.732    445.787      0.000
  27   27    506.165    801.207      0.000
  28   28    513.404    864.186      0.000
  29   29    585.045    367.203      0.000
  30   30    590.788    218.733      0.000
  31   31    608.979    146.573      0.000
  32   32    659.103    241.052      0.000
  33   33    752.076    394.322      0.000
  34   34    768.191    285.069      0.000
  35   35    775.030    911.530      0.000
  36   36    828.481    225.152      0.000
  37   37    869.518    126.317      0.000
  38   38    934.897    720.594      0.000
  39   39    984.625    598.733      0.000
