40
  -1   -2      8.150    114.471      0.000
   0   -2     77.512    708.745      0.000
   1   -2    126.255    586.886      0.000
   2   -2    184.041    776.675      0.000
   3   -2    189.690    370.440      0.000
   4   -2    195.431     28.929      0.000
   5   -2    207.022    955.218      0.000
   6   -2    238.969    304.622      0.000
   7   -2    268.175    229.026      0.000
   8   -2    315.800    893.553      0.000
   9   -2    341.562    370.659      0.000
  10   -2    343.994    307.751      0.000
  11   -2    347.117    890.540      0.000
  12   -2    384.101    440.194      0.000
  13   -2    393.651    423.916      0.000
  14   -2    407.146    398.459      0.000
  15   -2    427.672    735.208      0.000
  16   -2    438.435    185.516      0.000
  17   -2    442.133    880.824      0.000
  18   -2    491.217    359.901      0.000
  19   -2    501.787    792.987      0.000
  20   -2    509.930    246.222      0.000
  21   -2    533.169    183.365      0.000
  22   -2    570.694    144.637      0.000
  23   -2    581.267    190.693      0.000
  24   -2    581.826    335.090      0.000
  25   -2    603.373    783.324      0.000
  26   -2    617.512    716.510      0.000
  27   -2    621.738    618.594      0.000
  28   -2    637.327    433.977      0.000
  29   -2    645.712    789.365      0.000
  30   -2    652.974    852.358      0.000
  31   -2    724.622    355.370      0.000
  32   -2    730.368    206.896      0.000
  33   -2    748.541    134.723      0.000
  34   -2    798.680    229.216      0.000
  35   -2    891.646    382.497      0.000
  36   -2    907.795    273.226      0.000
  37   -2    914.596    899.711      0.000
  38   -2    968.060    213.320      0.000
