40
   0    0     54.997    785.997      0.000
   1    1     60.644    379.725      0.000
   2    2     66.373     38.215      0.000
   3    3     77.972    964.534      0.000
   4    4    109.923    313.945      0.000
   5    5    139.103    238.353      0.000
   6    6    186.726    902.876      0.000
   7    7    212.484    379.961      0.000
   8    8    214.945    317.092      0.000
   9    9    218.068    899.865      0.000
  10   10    255.057    449.532      0.000
  11   11    264.601    433.211      0.000
  12   12    278.103    407.767      0.000
  13   13    298.618    744.525      0.000
  14   14    309.391    194.832      0.000
  15   15    313.064    890.183      0.000
  16   16    362.171    369.241      0.000
  17   17    372.741    802.289      0.000
  18   18    380.881    255.541      0.000
  19   19    404.117    192.648      0.000
  20   20    441.656    153.970      0.000
  21   21    452.226    200.003      0.000
  22   22    452.785    344.395      0.000
  23   23    474.330    792.610      0.000
  24   24    488.457    725.843      0.000
  25   25    492.692    627.916      0.000
  26   26    508.282    443.313      0.000
  27   27    516.661    798.672      0.000
  28   28    523.925    861.704      0.000
  29   29    595.566    364.689      0.000
  30   30    601.323    216.212      0.000
  31   31    619.497    144.069      0.000
  32   32    669.631    238.542      0.000
  33   33    762.607    391.829      0.000
  34   34    778.722    282.570      0.000
  35   35    785.555    909.008      0.000
  36   36    838.993    222.632      0.000
  37   37    880.031    123.762      0.000
  38   38    945.419    718.083      0.000
  39   -2    995.138    596.235      0.000
