40
   0    0     55.393    713.666      0.000
   1    1    104.134    591.803      0.000
   2    2    161.902    781.588      0.000
   3    3    167.572    375.357      0.000
   4    4    173.297     33.851      0.000
   5    5    184.897    960.131      0.000
   6    6    216.839    309.532      0.000
   7    7    246.022    233.939      0.000
   8    8    293.653    898.469      0.000
   9    9    319.398    375.563      0.000
  10   10    321.862    312.666      0.000
  11   11    324.999    895.445      0.000
  12   12    361.986    445.113      0.000
  13   13    371.520    428.836      0.000
  14   14    385.033    403.373      0.000
  15   15    405.542    740.101      0.000
  16   16    416.314    190.428      0.000
  17   17    419.981    885.742      0.000
  18   18    469.081    364.799      0.000
  19   19    479.670    797.905      0.000
  20   20    487.805    251.136      0.000
  21   21    511.039    188.252      0.000
  22   22    548.583    149.559      0.000
  23   23    559.151    195.611      0.000
  24   24    559.709    340.009      0.000
  25   25    581.231    788.213      0.000
  26   26    595.385    721.419      0.000
  27   27    599.620    623.508      0.000
  28   28    615.212    438.893      0.000
  29   29    623.587    794.281      0.000
  30   30    630.857    857.258      0.000
  31   31    702.493    360.280      0.000
  32   32    708.218    211.810      0.000
  33   33    726.427    139.645      0.000
  34   34    776.536    234.132      0.000
  35   35    869.524    387.410      0.000
  36   36    885.657    278.143      0.000
  37   37    892.472    904.607      0.000
  38   38    945.906    218.235      0.000
  39   39    986.951    119.387      0.000
