40
   0    0     44.787    710.672      0.000
   1    1     93.528    588.815      0.000
   2    2    151.338    778.600      0.000
   3    3    156.993    372.361      0.000
   4    4    162.759     30.852      0.000
   5    5    174.298    957.142      0.000
   6    6    206.279    306.540      0.000
   7    7    235.440    230.936      0.000
   8    8    283.087    895.475      0.000
   9    9    308.855    372.568      0.000
  10   10    311.303    309.676      0.000
  11   11    314.411    892.451      0.000
  12   12    351.402    442.121      0.000
  13   13    360.941    425.843      0.000
  14   14    374.428    400.377      0.000
  15   15    394.964    737.119      0.000
  16   16    405.732    187.439      0.000
  17   17    409.402    882.754      0.000
  18   18    458.492    361.804      0.000
  19   19    469.060    794.916      0.000
  20   20    477.214    248.144      0.000
  21   21    500.463    185.262      0.000
  22   22    538.010    146.562      0.000
  23   23    548.592    192.616      0.000
  24   24    549.113    337.017      0.000
  25   25    570.634    785.222      0.000
  26   26    584.812    718.421      0.000
  27   27    589.042    620.518      0.000
  28   28    604.594    435.890      0.000
  29   29    613.005    791.294      0.000
  30   30    620.241    854.264      0.000
  31   31    691.902    357.291      0.000
  32   32    697.622    208.815      0.000
  33   33    715.838    136.656      0.000
  34   34    765.963    231.142      0.000
  35   35    858.938    384.414      0.000
  36   36    875.058    275.150      0.000
  37   37    881.895    901.624      0.000
  38   38    935.340    215.235      0.000
  39   39    976.384    116.400      0.000
