40
   0    0     40.099    788.187      0.000
   1    1     45.720    381.920      0.000
   2    2     51.458     40.385      0.000
   3    3     63.051    966.721      0.000
   4    4     95.004    316.117      0.000
   5    5    124.206    240.515      0.000
   6    6    171.839    905.048      0.000
   7    7    197.590    382.112      0.000
   8    8    200.026    319.285      0.000
   9    9    203.143    902.023      0.000
  10   10    240.135    451.710      0.000
  11   11    249.685    435.397      0.000
  12   12    263.184    409.935      0.000
  13   13    283.705    746.693      0.000
  14   14    294.478    197.011      0.000
  15   15    298.163    892.342      0.000
  16   16    347.247    371.399      0.000
  17   17    357.816    804.481      0.000
  18   18    365.967    257.696      0.000
  19   19    389.198    194.840      0.000
  20   20    426.759    156.144      0.000
  21   21    437.303    202.166      0.000
  22   22    437.862    346.607      0.000
  23   23    459.402    794.798      0.000
  24   24    473.547    727.999      0.000
  25   25    477.770    630.096      0.000
  26   26    493.359    445.471      0.000
  27   27    501.737    800.832      0.000
  28   28    509.002    863.868      0.000
  29   29    580.649    366.854      0.000
  30   30    586.398    218.402      0.000
  31   31    604.576    146.238      0.000
  32   32    654.713    240.728      0.000
  33   33    747.687    393.988      0.000
  34   34    763.821    284.738      0.000
  35   35    770.641    911.171      0.000
  36   36    824.085    224.800      0.000
  37   37    865.116    125.958      0.000
  38   38    930.502    720.268      0.000
  39   39    980.236    598.403      0.000
