40
   0    0     12.973    713.195      0.000
   1    1     61.693    591.324      0.000
   2    2    119.500    781.112      0.000
   3    3    125.160    374.846      0.000
   4    4    130.913     33.309      0.000
   5    5    142.482    959.643      0.000
   6    6    174.428    309.040      0.000
   7    7    203.602    233.442      0.000
   8    8    251.244    897.973      0.000
   9    9    277.003    375.045      0.000
  10   10    279.457    312.191      0.000
  11   11    282.591    894.952      0.000
  12   12    319.572    444.628      0.000
  13   13    329.095    428.322      0.000
  14   14    342.590    402.862      0.000
  15   15    363.113    739.617      0.000
  16   16    373.891    189.939      0.000
  17   17    377.563    885.270      0.000
  18   18    426.646    364.329      0.000
  19   19    437.218    797.402      0.000
  20   20    445.399    250.627      0.000
  21   21    468.610    187.764      0.000
  22   22    506.170    149.064      0.000
  23   23    516.746    195.089      0.000
  24   24    517.267    339.509      0.000
  25   25    538.817    787.695      0.000
  26   26    552.967    720.927      0.000
  27   27    557.227    623.014      0.000
  28   28    572.748    438.401      0.000
  29   29    581.189    793.756      0.000
  30   30    588.426    856.791      0.000
  31   31    660.087    359.776      0.000
  32   32    665.811    211.301      0.000
  33   33    684.003    139.161      0.000
  34   34    734.124    233.653      0.000
  35   35    827.095    386.918      0.000
  36   36    843.227    277.660      0.000
  37   37    850.044    904.100      0.000
  38   38    903.499    217.730      0.000
  39   39    944.536    118.880      0.000
