40
   0    0     16.103    595.488      0.000
   1    1     73.866    785.266      0.000
   2    2     79.546    379.007      0.000
   3    3     85.256     37.480      0.000
   4    4     96.865    963.804      0.000
   5    5    128.786    313.223      0.000
   6    6    157.992    237.591      0.000
   7    7    205.626    902.130      0.000
   8    8    231.362    379.189      0.000
   9    9    233.831    316.361      0.000
  10   10    236.968    899.094      0.000
  11   11    273.956    448.805      0.000
  12   12    283.484    432.486      0.000
  13   13    296.959    407.054      0.000
  14   14    317.507    743.779      0.000
  15   15    328.279    194.083      0.000
  16   16    331.951    889.424      0.000
  17   17    381.038    368.481      0.000
  18   18    391.616    801.568      0.000
  19   19    399.773    254.806      0.000
  20   20    423.009    191.924      0.000
  21   21    460.551    153.231      0.000
  22   22    471.115    199.247      0.000
  23   23    471.679    343.689      0.000
  24   24    493.195    791.882      0.000
  25   25    507.345    725.078      0.000
  26   26    511.591    627.194      0.000
  27   27    527.154    442.551      0.000
  28   28    535.551    797.935      0.000
  29   29    542.825    860.945      0.000
  30   30    614.460    363.953      0.000
  31   31    620.189    215.477      0.000
  32   32    638.399    143.345      0.000
  33   33    688.506    237.809      0.000
  34   34    781.487    391.065      0.000
  35   35    797.622    281.833      0.000
  36   36    804.434    908.253      0.000
  37   37    857.876    221.878      0.000
  38   38    898.925    123.039      0.000
  39   39    964.316    717.348      0.000
