40
   0    0     21.222    593.707      0.000
   1    1     79.014    783.489      0.000
   2    2     84.661    377.267      0.000
   3    3     90.394     35.749      0.000
   4    4    101.993    962.031      0.000
   5    5    133.938    311.436      0.000
   6    6    163.118    235.811      0.000
   7    7    210.765    900.381      0.000
   8    8    236.514    377.424      0.000
   9    9    238.964    314.577      0.000
  10   10    242.085    897.317      0.000
  11   11    279.073    447.021      0.000
  12   12    288.616    430.717      0.000
  13   13    302.118    405.277      0.000
  14   14    322.639    742.011      0.000
  15   15    333.414    192.326      0.000
  16   16    337.082    887.647      0.000
  17   17    386.189    366.706      0.000
  18   18    396.760    799.811      0.000
  19   19    404.901    253.033      0.000
  20   20    428.137    190.155      0.000
  21   21    465.668    151.467      0.000
  22   22    476.239    197.494      0.000
  23   23    476.794    341.908      0.000
  24   24    498.345    790.117      0.000
  25   25    512.477    723.319      0.000
  26   26    516.708    625.413      0.000
  27   27    532.300    440.763      0.000
  28   28    540.675    796.186      0.000
  29   29    547.944    859.165      0.000
  30   30    619.587    362.183      0.000
  31   31    625.342    213.678      0.000
  32   32    643.514    141.555      0.000
  33   33    693.652    236.034      0.000
  34   34    786.621    389.302      0.000
  35   35    802.767    280.050      0.000
  36   36    809.565    906.505      0.000
  37   37    863.009    220.133      0.000
  38   38    904.052    121.294      0.000
  39   39    969.439    715.569      0.000
