40
  -1    0     35.512    787.011      0.000
  -1    1     41.177    380.738      0.000
  -1    2     46.927     39.222      0.000
  -1    3     58.493    965.542      0.000
  -1    4     90.442    314.950      0.000
  -1    5    119.614    239.361      0.000
  -1    6    167.260    903.886      0.000
  -1    7    193.012    380.968      0.000
  -1    8    195.467    318.106      0.000
  -1    9    198.599    900.866      0.000
  -1   10    235.579    450.539      0.000
  -1   11    245.106    434.219      0.000
  -1   12    258.602    408.784      0.000
  -1   13    279.140    745.530      0.000
  -1   14    289.903    195.842      0.000
  -1   15    293.578    891.188      0.000
  -1   16    342.666    370.247      0.000
  -1   17    353.230    803.297      0.000
  -1   18    361.410    256.548      0.000
  -1   19    384.622    193.652      0.000
  -1   20    422.182    154.983      0.000
  -1   21    432.763    201.009      0.000
  -1   22    433.277    345.404      0.000
  -1   23    454.826    793.619      0.000
  -1   24    468.982    726.849      0.000
  -1   25    473.236    628.931      0.000
  -1   26    488.756    444.324      0.000
  -1   27    497.199    799.679      0.000
  -1   28    504.441    862.709      0.000
  -1   29    576.100    365.691      0.000
  -1   30    581.823    217.216      0.000
  -1   31    600.017    145.074      0.000
  -1   32    650.136    239.547      0.000
  -1   33    743.106    392.838      0.000
  -1   34    759.245    283.578      0.000
  -1   35    766.059    910.022      0.000
  -1   36    819.514    223.644      0.000
  -1   37    860.548    124.792      0.000
  -1   38    925.936    719.119      0.000
  -1   39    975.659    597.246      0.000
