40
   0    0     28.788    711.242      0.000
   1    1     77.531    589.380      0.000
   2    2    135.339    779.166      0.000
   3    3    140.998    372.900      0.000
   4    4    146.756     31.363      0.000
   5    5    158.305    957.698      0.000
   6    6    190.278    307.092      0.000
   7    7    219.445    231.491      0.000
   8    8    267.080    896.023      0.000
   9    9    292.858    373.087      0.000
  10   10    295.305    310.264      0.000
  11   11    298.402    892.998      0.000
  12   12    335.397    442.679      0.000
  13   13    344.940    426.368      0.000
  14   14    358.429    400.907      0.000
  15   15    378.963    737.669      0.000
  16   16    389.728    187.986      0.000
  17   17    393.407    883.322      0.000
  18   18    442.493    362.379      0.000
  19   19    453.062    795.446      0.000
  20   20    461.215    248.674      0.000
  21   21    484.464    185.818      0.000
  22   22    522.010    147.112      0.000
  23   23    532.594    193.138      0.000
  24   24    533.109    337.551      0.000
  25   25    554.634    785.770      0.000
  26   26    568.814    718.976      0.000
  27   27    573.047    621.064      0.000
  28   28    588.594    436.450      0.000
  29   29    597.006    791.805      0.000
  30   30    604.242    854.841      0.000
  31   31    675.902    357.828      0.000
  32   32    681.620    209.380      0.000
  33   33    699.841    137.213      0.000
  34   34    749.961    231.701      0.000
  35   35    842.941    384.964      0.000
  36   36    859.062    275.712      0.000
  37   37    865.889    902.148      0.000
  38   38    919.340    215.779      0.000
  39   39    960.382    116.930      0.000
