40
   0    0     50.039    787.293      0.000
   1    1     55.683    381.032      0.000
   2    2     61.415     39.508      0.000
   3    3     73.008    965.826      0.000
   4    4    104.962    315.244      0.000
   5    5    134.144    239.618      0.000
   6    6    181.793    904.157      0.000
   7    7    207.550    381.212      0.000
   8    8    209.984    318.380      0.000
   9    9    213.107    901.118      0.000
  10   10    250.097    450.831      0.000
  11   11    259.634    434.510      0.000
  12   12    273.144    409.076      0.000
  13   13    293.662    745.799      0.000
  14   14    304.431    196.122      0.000
  15   15    308.122    891.447      0.000
  16   16    357.212    370.506      0.000
  17   17    367.779    803.589      0.000
  18   18    375.921    256.831      0.000
  19   19    399.159    193.942      0.000
  20   20    436.691    155.249      0.000
  21   21    447.262    201.271      0.000
  22   22    447.828    345.708      0.000
  23   23    469.365    793.904      0.000
  24   24    483.503    727.098      0.000
  25   25    487.729    629.215      0.000
  26   26    503.324    444.572      0.000
  27   27    511.698    799.955      0.000
  28   28    518.967    862.969      0.000
  29   29    590.612    365.972      0.000
  30   30    596.363    217.494      0.000
  31   31    614.536    145.366      0.000
  32   32    664.674    239.833      0.000
  33   33    757.648    393.090      0.000
  34   34    773.784    283.859      0.000
  35   35    780.591    910.276      0.000
  36   36    834.045    223.904      0.000
  37   37    875.075    125.064      0.000
  38   38    940.459    719.370      0.000
  39   39    990.193    597.511      0.000
