40
   1    50.289   712.031     0.000   12   -1   -1   -1
   2    99.001   590.194     0.000   14   -1   -1   -1
   3   156.787   779.947     0.000    9   -1   -1   -1
   4   162.473   373.677     0.000   21   -1   -1   -1
   5   168.189    32.167     0.000   39   -1   -1   -1
   6   179.788   958.487     0.000    0   -1   -1   -1
   7   211.717   307.893     0.000   26   -1   -1   -1
   8   240.911   232.303     0.000   30   -1   -1   -1
   9   288.555   896.825     0.000    2   -1   -1   -1
  10   314.284   373.911     0.000   20   -1   -1   -1
  11   316.737   311.037     0.000   25   -1   -1   -1
  12   319.892   893.812     0.000    3   -1   -1   -1
  13   356.886   443.480     0.000   15   -1   -1   -1
  14   366.404   427.162     0.000   17   -1   -1   -1
  15   379.891   401.715     0.000   18   -1   -1   -1
  16   400.436   738.468     0.000   10   -1   -1   -1
  17   411.207   188.781     0.000   34   -1   -1   -1
  18   414.854   884.133     0.000    4   -1   -1   -1
  19   463.964   363.192     0.000   22   -1   -1   -1
  20   474.536   796.235     0.000    6   -1   -1   -1
  21   482.670   249.491     0.000   28   -1   -1   -1
  22   505.931   186.599     0.000   35   -1   -1   -1
  23   543.484   147.919     0.000   36   -1   -1   -1
  24   554.043   193.942     0.000   33   -1   -1   -1
  25   554.607   338.341     0.000   24   -1   -1   -1
  26   576.126   786.565     0.000    8   -1   -1   -1
  27   590.269   719.774     0.000   11   -1   -1   -1
  28   594.514   621.844     0.000   13   -1   -1   -1
  29   610.075   437.260     0.000   16   -1   -1   -1
  30   618.479   792.617     0.000    7   -1   -1   -1
  31   625.749   855.632     0.000    5   -1   -1   -1
  32   697.384   358.634     0.000   23   -1   -1   -1
  33   703.110   210.153     0.000   32   -1   -1   -1
  34   721.329   138.014     0.000   37   -1   -1   -1
  35   771.441   232.494     0.000   29   -1   -1   -1
  36   864.411   385.779     0.000   19   -1   -1   -1
  37   880.540   276.509     0.000   27   -1   -1   -1
  38   887.346   902.962     0.000    1   -1   -1   -1
  39   940.800   216.576     0.000   31   -1   -1   -1
  40   981.848   117.711     0.000   38   -1   -1   -1
