40
   1    35.512   787.011     0.000    9   -1   -1   -1
   2    41.177   380.738     0.000   21   -1   -1   -1
   3    46.927    39.222     0.000   39   -1   -1   -1
   4    58.493   965.542     0.000    0   -1   -1   -1
   5    90.442   314.950     0.000   26   -1   -1   -1
   6   119.614   239.361     0.000   30   -1   -1   -1
   7   167.260   903.886     0.000    2   -1   -1   -1
   8   193.012   380.968     0.000   20   -1   -1   -1
   9   195.467   318.106     0.000   25   -1   -1   -1
  10   198.599   900.866     0.000    3   -1   -1   -1
  11   235.579   450.539     0.000   15   -1   -1   -1
  12   245.106   434.219     0.000   17   -1   -1   -1
  13   258.602   408.784     0.000   18   -1   -1   -1
  14   279.140   745.530     0.000   10   -1   -1   -1
  15   289.903   195.842     0.000   34   -1   -1   -1
  16   293.578   891.188     0.000    4   -1   -1   -1
  17   342.666   370.247     0.000   22   -1   -1   -1
  18   353.230   803.297     0.000    6   -1   -1   -1
  19   361.410   256.548     0.000   28   -1   -1   -1
  20   384.622   193.652     0.000   35   -1   -1   -1
  21   422.182   154.983     0.000   36   -1   -1   -1
  22   432.763   201.009     0.000   33   -1   -1   -1
  23   433.277   345.404     0.000   24   -1   -1   -1
  24   454.826   793.619     0.000    8   -1   -1   -1
  25   468.982   726.849     0.000   11   -1   -1   -1
  26   473.236   628.931     0.000   13   -1   -1   -1
  27   488.756   444.324     0.000   16   -1   -1   -1
  28   497.199   799.679     0.000    7   -1   -1   -1
  29   504.441   862.709     0.000    5   -1   -1   -1
  30   576.100   365.691     0.000   23   -1   -1   -1
  31   581.823   217.216     0.000   32   -1   -1   -1
  32   600.017   145.074     0.000   37   -1   -1   -1
  33   650.136   239.547     0.000   29   -1   -1   -1
  34   743.106   392.838     0.000   19   -1   -1   -1
  35   759.245   283.578     0.000   27   -1   -1   -1
  36   766.059   910.022     0.000    1   -1   -1   -1
  37   819.514   223.644     0.000   31   -1   -1   -1
  38   860.548   124.792     0.000   38   -1   -1   -1
  39   925.936   719.119     0.000   12   -1   -1   -1
  40   975.659   597.246     0.000   14   -1   -1   -1
