39
   1    72.350   710.557     0.000   12   -1   -1   -1
   2   121.090   588.692     0.000   14   -1   -1   -1
   3   178.861   778.474     0.000    9   -1   -1   -1
   4   184.532   372.250     0.000   21   -1   -1   -1
   5   190.247    30.734     0.000   38   -1   -1   -1
   6   201.854   957.021     0.000    0   -1   -1   -1
   7   233.774   306.425     0.000   26   -1   -1   -1
   8   262.978   230.796     0.000   30   -1   -1   -1
   9   310.613   895.365     0.000    2   -1   -1   -1
  10   336.353   372.409     0.000   20   -1   -1   -1
  11   338.817   309.559     0.000   25   -1   -1   -1
  12   341.955   892.302     0.000    3   -1   -1   -1
  13   378.946   442.008     0.000   15   -1   -1   -1
  14   388.476   425.702     0.000   17   -1   -1   -1
  15   401.949   400.262     0.000   18   -1   -1   -1
  16   422.498   736.994     0.000   10   -1   -1   -1
  17   433.271   187.309     0.000   34   -1   -1   -1
  18   436.942   882.630     0.000    4   -1   -1   -1
  19   486.030   361.690     0.000   22   -1   -1   -1
  20   496.612   794.790     0.000    6   -1   -1   -1
  21   504.759   248.018     0.000   28   -1   -1   -1
  22   527.996   185.132     0.000   35   -1   -1   -1
  23   565.540   146.451     0.000   36   -1   -1   -1
  24   576.105   192.453     0.000   33   -1   -1   -1
  25   576.665   336.896     0.000   24   -1   -1   -1
  26   598.183   785.097     0.000    8   -1   -1   -1
  27   612.334   718.297     0.000   11   -1   -1   -1
  28   616.578   620.398     0.000   13   -1   -1   -1
  29   632.138   435.750     0.000   16   -1   -1   -1
  30   640.543   791.171     0.000    7   -1   -1   -1
  31   647.814   854.146     0.000    5   -1   -1   -1
  32   719.451   357.165     0.000   23   -1   -1   -1
  33   725.178   208.666     0.000   32   -1   -1   -1
  34   743.388   136.540     0.000   37   -1   -1   -1
  35   793.494   231.016     0.000   29   -1   -1   -1
  36   886.477   384.295     0.000   19   -1   -1   -1
  37   902.601   275.033     0.000   27   -1   -1   -1
  38   909.427   901.490     0.000    1   -1   -1   -1
  39   962.861   215.121     0.000   31   -1   -1   -1
