40
   1    55.393   713.666     0.000   12   -1   -1   -1
   2   104.134   591.803     0.000   14   -1   -1   -1
   3   161.902   781.588     0.000    9   -1   -1   -1
   4   167.572   375.357     0.000   21   -1   -1   -1
   5   173.297    33.851     0.000   39   -1   -1   -1
   6   184.897   960.131     0.000    0   -1   -1   -1
   7   216.839   309.532     0.000   26   -1   -1   -1
   8   246.022   233.939     0.000   30   -1   -1   -1
   9   293.653   898.469     0.000    2   -1   -1   -1
  10   319.398   375.563     0.000   20   -1   -1   -1
  11   321.862   312.666     0.000   25   -1   -1   -1
  12   324.999   895.445     0.000    3   -1   -1   -1
  13   361.986   445.113     0.000   15   -1   -1   -1
  14   371.520   428.836     0.000   17   -1   -1   -1
  15   385.033   403.373     0.000   18   -1   -1   -1
  16   405.542   740.101     0.000   10   -1   -1   -1
  17   416.314   190.428     0.000   34   -1   -1   -1
  18   419.981   885.742     0.000    4   -1   -1   -1
  19   469.081   364.799     0.000   22   -1   -1   -1
  20   479.670   797.905     0.000    6   -1   -1   -1
  21   487.805   251.136     0.000   28   -1   -1   -1
  22   511.039   188.252     0.000   35   -1   -1   -1
  23   548.583   149.559     0.000   36   -1   -1   -1
  24   559.151   195.611     0.000   33   -1   -1   -1
  25   559.709   340.009     0.000   24   -1   -1   -1
  26   581.231   788.213     0.000    8   -1   -1   -1
  27   595.385   721.419     0.000   11   -1   -1   -1
  28   599.620   623.508     0.000   13   -1   -1   -1
  29   615.212   438.893     0.000   16   -1   -1   -1
  30   623.587   794.281     0.000    7   -1   -1   -1
  31   630.857   857.258     0.000    5   -1   -1   -1
  32   702.493   360.280     0.000   23   -1   -1   -1
  33   708.218   211.810     0.000   32   -1   -1   -1
  34   726.427   139.645     0.000   37   -1   -1   -1
  35   776.536   234.132     0.000   29   -1   -1   -1
  36   869.524   387.410     0.000   19   -1   -1   -1
  37   885.657   278.143     0.000   27   -1   -1   -1
  38   892.472   904.607     0.000    1   -1   -1   -1
  39   945.906   218.235     0.000   31   -1   -1   -1
  40   986.951   119.387     0.000   38   -1   -1   -1
