40
   1    54.997   785.997     0.000    9   -1   -1   -1
   2    60.644   379.725     0.000   21   -1   -1   -1
   3    66.373    38.215     0.000   39   -1   -1   -1
   4    77.972   964.534     0.000    0   -1   -1   -1
   5   109.923   313.945     0.000   26   -1   -1   -1
   6   139.103   238.353     0.000   30   -1   -1   -1
   7   186.726   902.876     0.000    2   -1   -1   -1
   8   212.484   379.961     0.000   20   -1   -1   -1
   9   214.945   317.092     0.000   25   -1   -1   -1
  10   218.068   899.865     0.000    3   -1   -1   -1
  11   255.057   449.532     0.000   15   -1   -1   -1
  12   264.601   433.211     0.000   17   -1   -1   -1
  13   278.103   407.767     0.000   18   -1   -1   -1
  14   298.618   744.525     0.000   10   -1   -1   -1
  15   309.391   194.832     0.000   34   -1   -1   -1
  16   313.064   890.183     0.000    4   -1   -1   -1
  17   362.171   369.241     0.000   22   -1   -1   -1
  18   372.741   802.289     0.000    6   -1   -1   -1
  19   380.881   255.541     0.000   28   -1   -1   -1
  20   404.117   192.648     0.000   35   -1   -1   -1
  21   441.656   153.970     0.000   36   -1   -1   -1
  22   452.226   200.003     0.000   33   -1   -1   -1
  23   452.785   344.395     0.000   24   -1   -1   -1
  24   474.330   792.610     0.000    8   -1   -1   -1
  25   488.457   725.843     0.000   11   -1   -1   -1
  26   492.692   627.916     0.000   13   -1   -1   -1
  27   508.282   443.313     0.000   16   -1   -1   -1
  28   516.661   798.672     0.000    7   -1   -1   -1
  29   523.925   861.704     0.000    5   -1   -1   -1
  30   595.566   364.689     0.000   23   -1   -1   -1
  31   601.323   216.212     0.000   32   -1   -1   -1
  32   619.497   144.069     0.000   37   -1   -1   -1
  33   669.631   238.542     0.000   29   -1   -1   -1
  34   762.607   391.829     0.000   19   -1   -1   -1
  35   778.722   282.570     0.000   27   -1   -1   -1
  36   785.555   909.008     0.000    1   -1   -1   -1
  37   838.993   222.632     0.000   31   -1   -1   -1
  38   880.031   123.762     0.000   38   -1   -1   -1
  39   945.419   718.083     0.000   12   -1   -1   -1
  40   995.138   596.235     0.000   14   -1   -1   -1
