40
   1    21.222   593.707     0.000   14   -1   -1   -1
   2    79.014   783.489     0.000    9   -1   -1   -1
   3    84.661   377.267     0.000   21   -1   -1   -1
   4    90.394    35.749     0.000   39   -1   -1   -1
   5   101.993   962.031     0.000    0   -1   -1   -1
   6   133.938   311.436     0.000   26   -1   -1   -1
   7   163.118   235.811     0.000   30   -1   -1   -1
   8   210.765   900.381     0.000    2   -1   -1   -1
   9   236.514   377.424     0.000   20   -1   -1   -1
  10   238.964   314.577     0.000   25   -1   -1   -1
  11   242.085   897.317     0.000    3   -1   -1   -1
  12   279.073   447.021     0.000   15   -1   -1   -1
  13   288.616   430.717     0.000   17   -1   -1   -1
  14   302.118   405.277     0.000   18   -1   -1   -1
  15   322.639   742.011     0.000   10   -1   -1   -1
  16   333.414   192.326     0.000   34   -1   -1   -1
  17   337.082   887.647     0.000    4   -1   -1   -1
  18   386.189   366.706     0.000   22   -1   -1   -1
  19   396.760   799.811     0.000    6   -1   -1   -1
  20   404.901   253.033     0.000   28   -1   -1   -1
  21   428.137   190.155     0.000   35   -1   -1   -1
  22   465.668   151.467     0.000   36   -1   -1   -1
  23   476.239   197.494     0.000   33   -1   -1   -1
  24   476.794   341.908     0.000   24   -1   -1   -1
  25   498.345   790.117     0.000    8   -1   -1   -1
  26   512.477   723.319     0.000   11   -1   -1   -1
  27   516.708   625.413     0.000   13   -1   -1   -1
  28   532.300   440.763     0.000   16   -1   -1   -1
  29   540.675   796.186     0.000    7   -1   -1   -1
  30   547.944   859.165     0.000    5   -1   -1   -1
  31   619.587   362.183     0.000   23   -1   -1   -1
  32   625.342   213.678     0.000   32   -1   -1   -1
  33   643.514   141.555     0.000   37   -1   -1   -1
  34   693.652   236.034     0.000   29   -1   -1   -1
  35   786.621   389.302     0.000   19   -1   -1   -1
  36   802.767   280.050     0.000   27   -1   -1   -1
  37   809.565   906.505     0.000    1   -1   -1   -1
  38   863.009   220.133     0.000   31   -1   -1   -1
  39   904.052   121.294     0.000   38   -1   -1   -1
  40   969.439   715.569     0.000   12   -1   -1   -1
