40
   1     6.400   594.726     0.000   14   -1   -1   -1
   2    64.202   784.503     0.000    9   -1   -1   -1
   3    69.856   378.272     0.000   21   -1   -1   -1
   4    75.613    36.758     0.000   39   -1   -1   -1
   5    87.165   963.044     0.000    0   -1   -1   -1
   6   119.121   312.451     0.000   26   -1   -1   -1
   7   148.312   236.822     0.000   30   -1   -1   -1
   8   195.943   901.388     0.000    2   -1   -1   -1
   9   221.719   378.438     0.000   20   -1   -1   -1
  10   224.146   315.584     0.000   25   -1   -1   -1
  11   227.252   898.348     0.000    3   -1   -1   -1
  12   264.257   448.032     0.000   15   -1   -1   -1
  13   273.812   431.753     0.000   17   -1   -1   -1
  14   287.292   406.284     0.000   18   -1   -1   -1
  15   307.822   743.019     0.000   10   -1   -1   -1
  16   318.590   193.332     0.000   34   -1   -1   -1
  17   322.269   888.662     0.000    4   -1   -1   -1
  18   371.353   367.721     0.000   22   -1   -1   -1
  19   381.930   800.819     0.000    6   -1   -1   -1
  20   390.074   254.045     0.000   28   -1   -1   -1
  21   413.340   191.167     0.000   35   -1   -1   -1
  22   450.865   152.475     0.000   36   -1   -1   -1
  23   461.415   198.502     0.000   33   -1   -1   -1
  24   461.968   342.917     0.000   24   -1   -1   -1
  25   483.504   791.123     0.000    8   -1   -1   -1
  26   497.661   724.326     0.000   11   -1   -1   -1
  27   501.903   626.423     0.000   13   -1   -1   -1
  28   517.463   441.774     0.000   16   -1   -1   -1
  29   525.842   797.198     0.000    7   -1   -1   -1
  30   533.110   860.174     0.000    5   -1   -1   -1
  31   604.762   363.191     0.000   23   -1   -1   -1
  32   610.500   214.715     0.000   32   -1   -1   -1
  33   628.675   142.566     0.000   37   -1   -1   -1
  34   678.823   237.045     0.000   29   -1   -1   -1
  35   771.810   390.310     0.000   19   -1   -1   -1
  36   787.928   281.060     0.000   27   -1   -1   -1
  37   794.753   907.516     0.000    1   -1   -1   -1
  38   848.202   221.142     0.000   31   -1   -1   -1
  39   889.260   122.310     0.000   38   -1   -1   -1
  40   954.606   716.581     0.000   12   -1   -1   -1
