40
   1    44.787   710.672     0.000   12   -1   -1   -1
   2    93.528   588.815     0.000   14   -1   -1   -1
   3   151.338   778.600     0.000    9   -1   -1   -1
   4   156.993   372.361     0.000   21   -1   -1   -1
   5   162.759    30.852     0.000   39   -1   -1   -1
   6   174.298   957.142     0.000    0   -1   -1   -1
   7   206.279   306.540     0.000   26   -1   -1   -1
   8   235.440   230.936     0.000   30   -1   -1   -1
   9   283.087   895.475     0.000    2   -1   -1   -1
  10   308.855   372.568     0.000   20   -1   -1   -1
  11   311.303   309.676     0.000   25   -1   -1   -1
  12   314.411   892.451     0.000    3   -1   -1   -1
  13   351.402   442.121     0.000   15   -1   -1   -1
  14   360.941   425.843     0.000   17   -1   -1   -1
  15   374.428   400.377     0.000   18   -1   -1   -1
  16   394.964   737.119     0.000   10   -1   -1   -1
  17   405.732   187.439     0.000   34   -1   -1   -1
  18   409.402   882.754     0.000    4   -1   -1   -1
  19   458.492   361.804     0.000   22   -1   -1   -1
  20   469.060   794.916     0.000    6   -1   -1   -1
  21   477.214   248.144     0.000   28   -1   -1   -1
  22   500.463   185.262     0.000   35   -1   -1   -1
  23   538.010   146.562     0.000   36   -1   -1   -1
  24   548.592   192.616     0.000   33   -1   -1   -1
  25   549.113   337.017     0.000   24   -1   -1   -1
  26   570.634   785.222     0.000    8   -1   -1   -1
  27   584.812   718.421     0.000   11   -1   -1   -1
  28   589.042   620.518     0.000   13   -1   -1   -1
  29   604.594   435.890     0.000   16   -1   -1   -1
  30   613.005   791.294     0.000    7   -1   -1   -1
  31   620.241   854.264     0.000    5   -1   -1   -1
  32   691.902   357.291     0.000   23   -1   -1   -1
  33   697.622   208.815     0.000   32   -1   -1   -1
  34   715.838   136.656     0.000   37   -1   -1   -1
  35   765.963   231.142     0.000   29   -1   -1   -1
  36   858.938   384.414     0.000   19   -1   -1   -1
  37   875.058   275.150     0.000   27   -1   -1   -1
  38   881.895   901.624     0.000    1   -1   -1   -1
  39   935.340   215.235     0.000   31   -1   -1   -1
  40   976.384   116.400     0.000   38   -1   -1   -1
