40
   1    25.418   595.266     0.000   14   -1   -1   -1
   2    83.229   785.036     0.000    9   -1   -1   -1
   3    88.884   378.758     0.000   21   -1   -1   -1
   4    94.641    37.246     0.000   39   -1   -1   -1
   5   106.188   963.565     0.000    0   -1   -1   -1
   6   138.144   312.977     0.000   26   -1   -1   -1
   7   167.337   237.382     0.000   30   -1   -1   -1
   8   214.973   901.913     0.000    2   -1   -1   -1
   9   240.738   378.989     0.000   20   -1   -1   -1
  10   243.164   316.126     0.000   25   -1   -1   -1
  11   246.283   898.890     0.000    3   -1   -1   -1
  12   283.291   448.567     0.000   15   -1   -1   -1
  13   292.835   432.241     0.000   17   -1   -1   -1
  14   306.318   406.800     0.000   18   -1   -1   -1
  15   326.844   743.559     0.000   10   -1   -1   -1
  16   337.617   193.864     0.000   34   -1   -1   -1
  17   341.296   889.210     0.000    4   -1   -1   -1
  18   390.383   368.268     0.000   22   -1   -1   -1
  19   400.950   801.316     0.000    6   -1   -1   -1
  20   409.101   254.571     0.000   28   -1   -1   -1
  21   432.364   191.675     0.000   35   -1   -1   -1
  22   469.900   153.005     0.000   36   -1   -1   -1
  23   480.434   199.034     0.000   33   -1   -1   -1
  24   480.998   343.425     0.000   24   -1   -1   -1
  25   502.531   791.641     0.000    8   -1   -1   -1
  26   516.690   724.870     0.000   11   -1   -1   -1
  27   520.930   626.953     0.000   13   -1   -1   -1
  28   536.489   442.346     0.000   16   -1   -1   -1
  29   544.868   797.702     0.000    7   -1   -1   -1
  30   552.136   860.738     0.000    5   -1   -1   -1
  31   623.794   363.715     0.000   23   -1   -1   -1
  32   629.523   215.239     0.000   32   -1   -1   -1
  33   647.699   143.104     0.000   37   -1   -1   -1
  34   697.850   237.569     0.000   29   -1   -1   -1
  35   790.835   390.864     0.000   19   -1   -1   -1
  36   806.953   281.598     0.000   27   -1   -1   -1
  37   813.782   908.044     0.000    1   -1   -1   -1
  38   867.224   221.666     0.000   31   -1   -1   -1
  39   908.281   122.820     0.000   38   -1   -1   -1
  40   973.633   717.138     0.000   12   -1   -1   -1
