40
   1    30.085   593.614     0.000   14   -1   -1   -1
   2    87.858   783.397     0.000    9   -1   -1   -1
   3    93.529   377.149     0.000   21   -1   -1   -1
   4    99.248    35.651     0.000   39   -1   -1   -1
   5   110.851   961.935     0.000    0   -1   -1   -1
   6   142.771   311.350     0.000   26   -1   -1   -1
   7   171.974   235.720     0.000   30   -1   -1   -1
   8   219.610   900.292     0.000    2   -1   -1   -1
   9   245.346   377.323     0.000   20   -1   -1   -1
  10   247.815   314.486     0.000   25   -1   -1   -1
  11   250.954   897.227     0.000    3   -1   -1   -1
  12   287.942   446.932     0.000   15   -1   -1   -1
  13   297.474   430.618     0.000   17   -1   -1   -1
  14   310.946   405.183     0.000   18   -1   -1   -1
  15   331.496   741.924     0.000   10   -1   -1   -1
  16   342.265   192.230     0.000   34   -1   -1   -1
  17   345.936   887.557     0.000    4   -1   -1   -1
  18   395.027   366.609     0.000   22   -1   -1   -1
  19   405.601   799.713     0.000    6   -1   -1   -1
  20   413.761   252.937     0.000   28   -1   -1   -1
  21   436.993   190.058     0.000   35   -1   -1   -1
  22   474.540   151.381     0.000   36   -1   -1   -1
  23   485.100   197.377     0.000   33   -1   -1   -1
  24   485.662   341.819     0.000   24   -1   -1   -1
  25   507.177   790.017     0.000    8   -1   -1   -1
  26   521.335   723.218     0.000   11   -1   -1   -1
  27   525.573   625.324     0.000   13   -1   -1   -1
  28   541.136   440.674     0.000   16   -1   -1   -1
  29   549.537   796.070     0.000    7   -1   -1   -1
  30   556.810   859.071     0.000    5   -1   -1   -1
  31   628.446   362.090     0.000   23   -1   -1   -1
  32   634.172   213.594     0.000   32   -1   -1   -1
  33   652.385   141.465     0.000   37   -1   -1   -1
  34   702.495   235.938     0.000   29   -1   -1   -1
  35   795.471   389.189     0.000   19   -1   -1   -1
  36   811.597   279.963     0.000   27   -1   -1   -1
  37   818.416   906.407     0.000    1   -1   -1   -1
  38   871.861   220.026     0.000   31   -1   -1   -1
  39   912.911   121.175     0.000   38   -1   -1   -1
  40   978.302   715.476     0.000   12   -1   -1   -1
