40
   1    61.391   712.889     0.000   12   -1   -1   -1
   2   110.135   591.059     0.000   14   -1   -1   -1
   3   167.899   780.797     0.000    9   -1   -1   -1
   4   173.575   374.553     0.000   21   -1   -1   -1
   5   179.298    33.041     0.000   39   -1   -1   -1
   6   190.895   959.367     0.000    0   -1   -1   -1
   7   222.845   308.736     0.000   26   -1   -1   -1
   8   252.026   233.175     0.000   30   -1   -1   -1
   9   299.652   897.664     0.000    2   -1   -1   -1
  10   325.397   374.787     0.000   20   -1   -1   -1
  11   327.870   311.902     0.000   25   -1   -1   -1
  12   330.999   894.683     0.000    3   -1   -1   -1
  13   367.986   444.339     0.000   15   -1   -1   -1
  14   377.520   428.037     0.000   17   -1   -1   -1
  15   391.034   402.583     0.000   18   -1   -1   -1
  16   411.539   739.330     0.000   10   -1   -1   -1
  17   422.311   189.639     0.000   34   -1   -1   -1
  18   425.986   884.973     0.000    4   -1   -1   -1
  19   475.073   364.035     0.000   22   -1   -1   -1
  20   485.672   797.103     0.000    6   -1   -1   -1
  21   493.805   250.368     0.000   28   -1   -1   -1
  22   517.041   187.478     0.000   35   -1   -1   -1
  23   554.581   148.779     0.000   36   -1   -1   -1
  24   565.144   194.816     0.000   33   -1   -1   -1
  25   565.709   339.212     0.000   24   -1   -1   -1
  26   587.235   787.440     0.000    8   -1   -1   -1
  27   601.382   720.637     0.000   11   -1   -1   -1
  28   605.618   622.714     0.000   13   -1   -1   -1
  29   621.212   438.103     0.000   16   -1   -1   -1
  30   629.581   793.485     0.000    7   -1   -1   -1
  31   636.849   856.493     0.000    5   -1   -1   -1
  32   708.493   359.498     0.000   23   -1   -1   -1
  33   714.219   211.021     0.000   32   -1   -1   -1
  34   732.424   138.876     0.000   37   -1   -1   -1
  35   782.536   233.342     0.000   29   -1   -1   -1
  36   875.524   386.619     0.000   19   -1   -1   -1
  37   891.648   277.371     0.000   27   -1   -1   -1
  38   898.467   903.826     0.000    1   -1   -1   -1
  39   951.905   217.445     0.000   31   -1   -1   -1
  40   992.947   118.589     0.000   38   -1   -1   -1
