40
   1     7.369   714.658     0.000   12   -1   -1   -1
   2    56.099   592.798     0.000   14   -1   -1   -1
   3   113.866   782.579     0.000    9   -1   -1   -1
   4   119.538   376.349     0.000   21   -1   -1   -1
   5   125.256    34.839     0.000   39   -1   -1   -1
   6   136.856   961.124     0.000    0   -1   -1   -1
   7   168.779   310.525     0.000   26   -1   -1   -1
   8   197.986   234.925     0.000   30   -1   -1   -1
   9   245.618   899.464     0.000    2   -1   -1   -1
  10   271.353   376.554     0.000   20   -1   -1   -1
  11   273.823   313.660     0.000   25   -1   -1   -1
  12   276.955   896.431     0.000    3   -1   -1   -1
  13   313.951   446.104     0.000   15   -1   -1   -1
  14   323.477   429.830     0.000   17   -1   -1   -1
  15   336.955   404.364     0.000   18   -1   -1   -1
  16   357.503   741.093     0.000   10   -1   -1   -1
  17   368.274   191.418     0.000   34   -1   -1   -1
  18   371.941   886.734     0.000    4   -1   -1   -1
  19   421.032   365.792     0.000   22   -1   -1   -1
  20   431.618   798.896     0.000    6   -1   -1   -1
  21   439.767   252.129     0.000   28   -1   -1   -1
  22   463.005   189.245     0.000   35   -1   -1   -1
  23   500.548   150.550     0.000   36   -1   -1   -1
  24   511.110   196.605     0.000   33   -1   -1   -1
  25   511.671   340.998     0.000   24   -1   -1   -1
  26   533.189   789.205     0.000    8   -1   -1   -1
  27   547.341   722.409     0.000   11   -1   -1   -1
  28   551.582   624.502     0.000   13   -1   -1   -1
  29   567.146   439.882     0.000   16   -1   -1   -1
  30   575.549   795.275     0.000    7   -1   -1   -1
  31   582.817   858.252     0.000    5   -1   -1   -1
  32   654.454   361.273     0.000   23   -1   -1   -1
  33   660.181   212.801     0.000   32   -1   -1   -1
  34   678.392   140.637     0.000   37   -1   -1   -1
  35   728.502   235.126     0.000   29   -1   -1   -1
  36   821.485   388.401     0.000   19   -1   -1   -1
  37   837.613   279.139     0.000   27   -1   -1   -1
  38   844.429   905.599     0.000    1   -1   -1   -1
  39   897.872   219.227     0.000   31   -1   -1   -1
  40   938.918   120.381     0.000   38   -1   -1   -1
