40
   1     8.150   114.471     0.000   38   -1   -1   -1
   2    77.512   708.745     0.000   12   -1   -1   -1
   3   126.255   586.886     0.000   14   -1   -1   -1
   4   184.041   776.675     0.000    9   -1   -1   -1
   5   189.690   370.440     0.000   21   -1   -1   -1
   6   195.431    28.929     0.000   39   -1   -1   -1
   7   207.022   955.218     0.000    0   -1   -1   -1
   8   238.969   304.622     0.000   26   -1   -1   -1
   9   268.175   229.026     0.000   30   -1   -1   -1
  10   315.800   893.553     0.000    2   -1   -1   -1
  11   341.562   370.659     0.000   20   -1   -1   -1
  12   343.994   307.751     0.000   25   -1   -1   -1
  13   347.117   890.540     0.000    3   -1   -1   -1
  14   384.101   440.194     0.000   15   -1   -1   -1
  15   393.651   423.916     0.000   17   -1   -1   -1
  16   407.146   398.459     0.000   18   -1   -1   -1
  17   427.672   735.208     0.000   10   -1   -1   -1
  18   438.435   185.516     0.000   34   -1   -1   -1
  19   442.133   880.824     0.000    4   -1   -1   -1
  20   491.217   359.901     0.000   22   -1   -1   -1
  21   501.787   792.987     0.000    6   -1   -1   -1
  22   509.930   246.222     0.000   28   -1   -1   -1
  23   533.169   183.365     0.000   35   -1   -1   -1
  24   570.694   144.637     0.000   36   -1   -1   -1
  25   581.267   190.693     0.000   33   -1   -1   -1
  26   581.826   335.090     0.000   24   -1   -1   -1
  27   603.373   783.324     0.000    8   -1   -1   -1
  28   617.512   716.510     0.000   11   -1   -1   -1
  29   621.738   618.594     0.000   13   -1   -1   -1
  30   637.327   433.977     0.000   16   -1   -1   -1
  31   645.712   789.365     0.000    7   -1   -1   -1
  32   652.974   852.358     0.000    5   -1   -1   -1
  33   724.622   355.370     0.000   23   -1   -1   -1
  34   730.368   206.896     0.000   32   -1   -1   -1
  35   748.541   134.723     0.000   37   -1   -1   -1
  36   798.680   229.216     0.000   29   -1   -1   -1
  37   891.646   382.497     0.000   19   -1   -1   -1
  38   907.795   273.226     0.000   27   -1   -1   -1
  39   914.596   899.711     0.000    1   -1   -1   -1
  40   968.060   213.320     0.000   31   -1   -1   -1
