40
   1    35.604   592.642     0.000   14   -1   -1   -1
   2    93.415   782.424     0.000    9   -1   -1   -1
   3    99.073   376.164     0.000   21   -1   -1   -1
   4   104.833    34.681     0.000   39   -1   -1   -1
   5   116.406   960.966     0.000    0   -1   -1   -1
   6   148.351   310.376     0.000   26   -1   -1   -1
   7   177.520   234.744     0.000   30   -1   -1   -1
   8   225.166   899.316     0.000    2   -1   -1   -1
   9   250.927   376.358     0.000   20   -1   -1   -1
  10   253.372   313.511     0.000   25   -1   -1   -1
  11   256.489   896.253     0.000    3   -1   -1   -1
  12   293.479   445.956     0.000   15   -1   -1   -1
  13   303.012   429.646     0.000   17   -1   -1   -1
  14   316.506   404.206     0.000   18   -1   -1   -1
  15   337.031   740.950     0.000   10   -1   -1   -1
  16   347.805   191.257     0.000   34   -1   -1   -1
  17   351.479   886.582     0.000    4   -1   -1   -1
  18   400.566   365.640     0.000   22   -1   -1   -1
  19   411.130   798.744     0.000    6   -1   -1   -1
  20   419.321   251.966     0.000   28   -1   -1   -1
  21   442.533   189.082     0.000   35   -1   -1   -1
  22   480.089   150.403     0.000   36   -1   -1   -1
  23   490.667   196.404     0.000   33   -1   -1   -1
  24   491.182   340.844     0.000   24   -1   -1   -1
  25   512.704   789.047     0.000    8   -1   -1   -1
  26   526.885   722.245     0.000   11   -1   -1   -1
  27   531.141   624.349     0.000   13   -1   -1   -1
  28   546.663   439.698     0.000   16   -1   -1   -1
  29   555.084   795.124     0.000    7   -1   -1   -1
  30   562.330   858.097     0.000    5   -1   -1   -1
  31   633.988   361.118     0.000   23   -1   -1   -1
  32   639.722   212.618     0.000   32   -1   -1   -1
  33   657.917   140.491     0.000   37   -1   -1   -1
  34   708.040   234.962     0.000   29   -1   -1   -1
  35   801.013   388.216     0.000   19   -1   -1   -1
  36   817.131   278.986     0.000   27   -1   -1   -1
  37   823.963   905.424     0.000    1   -1   -1   -1
  38   877.414   219.048     0.000   31   -1   -1   -1
  39   918.454   120.210     0.000   38   -1   -1   -1
  40   983.816   714.508     0.000   12   -1   -1   -1
