40
   1    39.225   711.517     0.000   12   -1   -1   -1
   2    87.919   589.658     0.000   14   -1   -1   -1
   3   145.731   779.433     0.000    9   -1   -1   -1
   4   151.408   373.184     0.000   21   -1   -1   -1
   5   157.118    31.685     0.000   39   -1   -1   -1
   6   168.723   957.979     0.000    0   -1   -1   -1
   7   200.651   307.390     0.000   26   -1   -1   -1
   8   229.826   231.762     0.000   30   -1   -1   -1
   9   277.492   896.332     0.000    2   -1   -1   -1
  10   303.216   373.370     0.000   20   -1   -1   -1
  11   305.669   310.524     0.000   25   -1   -1   -1
  12   308.832   893.264     0.000    3   -1   -1   -1
  13   345.822   442.972     0.000   15   -1   -1   -1
  14   355.337   426.669     0.000   17   -1   -1   -1
  15   368.820   401.223     0.000   18   -1   -1   -1
  16   389.363   737.960     0.000   10   -1   -1   -1
  17   400.137   188.276     0.000   34   -1   -1   -1
  18   403.790   883.596     0.000    4   -1   -1   -1
  19   452.869   362.654     0.000   22   -1   -1   -1
  20   463.465   795.755     0.000    6   -1   -1   -1
  21   471.608   248.980     0.000   28   -1   -1   -1
  22   494.865   186.101     0.000   35   -1   -1   -1
  23   532.420   147.418     0.000   36   -1   -1   -1
  24   542.978   193.416     0.000   33   -1   -1   -1
  25   543.513   337.861     0.000   24   -1   -1   -1
  26   565.050   786.059     0.000    8   -1   -1   -1
  27   579.201   719.259     0.000   11   -1   -1   -1
  28   583.447   621.364     0.000   13   -1   -1   -1
  29   599.006   436.717     0.000   16   -1   -1   -1
  30   607.411   792.136     0.000    7   -1   -1   -1
  31   614.688   855.114     0.000    5   -1   -1   -1
  32   686.319   358.130     0.000   23   -1   -1   -1
  33   692.043   209.631     0.000   32   -1   -1   -1
  34   710.268   137.504     0.000   37   -1   -1   -1
  35   760.350   231.982     0.000   29   -1   -1   -1
  36   853.333   385.231     0.000   19   -1   -1   -1
  37   869.470   276.001     0.000   27   -1   -1   -1
  38   876.273   902.449     0.000    1   -1   -1   -1
  39   929.731   216.084     0.000   31   -1   -1   -1
  40   970.781   117.223     0.000   38   -1   -1   -1
