40
   1    28.788   711.242     0.000   12   -1   -1   -1
   2    77.531   589.380     0.000   14   -1   -1   -1
   3   135.339   779.166     0.000    9   -1   -1   -1
   4   140.998   372.900     0.000   21   -1   -1   -1
   5   146.756    31.363     0.000   39   -1   -1   -1
   6   158.305   957.698     0.000    0   -1   -1   -1
   7   190.278   307.092     0.000   26   -1   -1   -1
   8   219.445   231.491     0.000   30   -1   -1   -1
   9   267.080   896.023     0.000    2   -1   -1   -1
  10   292.858   373.087     0.000   20   -1   -1   -1
  11   295.305   310.264     0.000   25   -1   -1   -1
  12   298.402   892.998     0.000    3   -1   -1   -1
  13   335.397   442.679     0.000   15   -1   -1   -1
  14   344.940   426.368     0.000   17   -1   -1   -1
  15   358.429   400.907     0.000   18   -1   -1   -1
  16   378.963   737.669     0.000   10   -1   -1   -1
  17   389.728   187.986     0.000   34   -1   -1   -1
  18   393.407   883.322     0.000    4   -1   -1   -1
  19   442.493   362.379     0.000   22   -1   -1   -1
  20   453.062   795.446     0.000    6   -1   -1   -1
  21   461.215   248.674     0.000   28   -1   -1   -1
  22   484.464   185.818     0.000   35   -1   -1   -1
  23   522.010   147.112     0.000   36   -1   -1   -1
  24   532.594   193.138     0.000   33   -1   -1   -1
  25   533.109   337.551     0.000   24   -1   -1   -1
  26   554.634   785.770     0.000    8   -1   -1   -1
  27   568.814   718.976     0.000   11   -1   -1   -1
  28   573.047   621.064     0.000   13   -1   -1   -1
  29   588.594   436.450     0.000   16   -1   -1   -1
  30   597.006   791.805     0.000    7   -1   -1   -1
  31   604.242   854.841     0.000    5   -1   -1   -1
  32   675.902   357.828     0.000   23   -1   -1   -1
  33   681.620   209.380     0.000   32   -1   -1   -1
  34   699.841   137.213     0.000   37   -1   -1   -1
  35   749.961   231.701     0.000   29   -1   -1   -1
  36   842.941   384.964     0.000   19   -1   -1   -1
  37   859.062   275.712     0.000   27   -1   -1   -1
  38   865.889   902.148     0.000    1   -1   -1   -1
  39   919.340   215.779     0.000   31   -1   -1   -1
  40   960.382   116.930     0.000   38   -1   -1   -1
