40
   1    12.973   713.195     0.000   12   -1   -1   -1
   2    61.693   591.324     0.000   14   -1   -1   -1
   3   119.500   781.112     0.000    9   -1   -1   -1
   4   125.160   374.846     0.000   21   -1   -1   -1
   5   130.913    33.309     0.000   39   -1   -1   -1
   6   142.482   959.643     0.000    0   -1   -1   -1
   7   174.428   309.040     0.000   26   -1   -1   -1
   8   203.602   233.442     0.000   30   -1   -1   -1
   9   251.244   897.973     0.000    2   -1   -1   -1
  10   277.003   375.045     0.000   20   -1   -1   -1
  11   279.457   312.191     0.000   25   -1   -1   -1
  12   282.591   894.952     0.000    3   -1   -1   -1
  13   319.572   444.628     0.000   15   -1   -1   -1
  14   329.095   428.322     0.000   17   -1   -1   -1
  15   342.590   402.862     0.000   18   -1   -1   -1
  16   363.113   739.617     0.000   10   -1   -1   -1
  17   373.891   189.939     0.000   34   -1   -1   -1
  18   377.563   885.270     0.000    4   -1   -1   -1
  19   426.646   364.329     0.000   22   -1   -1   -1
  20   437.218   797.402     0.000    6   -1   -1   -1
  21   445.399   250.627     0.000   28   -1   -1   -1
  22   468.610   187.764     0.000   35   -1   -1   -1
  23   506.170   149.064     0.000   36   -1   -1   -1
  24   516.746   195.089     0.000   33   -1   -1   -1
  25   517.267   339.509     0.000   24   -1   -1   -1
  26   538.817   787.695     0.000    8   -1   -1   -1
  27   552.967   720.927     0.000   11   -1   -1   -1
  28   557.227   623.014     0.000   13   -1   -1   -1
  29   572.748   438.401     0.000   16   -1   -1   -1
  30   581.189   793.756     0.000    7   -1   -1   -1
  31   588.426   856.791     0.000    5   -1   -1   -1
  32   660.087   359.776     0.000   23   -1   -1   -1
  33   665.811   211.301     0.000   32   -1   -1   -1
  34   684.003   139.161     0.000   37   -1   -1   -1
  35   734.124   233.653     0.000   29   -1   -1   -1
  36   827.095   386.918     0.000   19   -1   -1   -1
  37   843.227   277.660     0.000   27   -1   -1   -1
  38   850.044   904.100     0.000    1   -1   -1   -1
  39   903.499   217.730     0.000   31   -1   -1   -1
  40   944.536   118.880     0.000   38   -1   -1   -1
