40
   1    16.103   595.488     0.000   14   -1   -1   -1
   2    73.866   785.266     0.000    9   -1   -1   -1
   3    79.546   379.007     0.000   21   -1   -1   -1
   4    85.256    37.480     0.000   39   -1   -1   -1
   5    96.865   963.804     0.000    0   -1   -1   -1
   6   128.786   313.223     0.000   26   -1   -1   -1
   7   157.992   237.591     0.000   30   -1   -1   -1
   8   205.626   902.130     0.000    2   -1   -1   -1
   9   231.362   379.189     0.000   20   -1   -1   -1
  10   233.831   316.361     0.000   25   -1   -1   -1
  11   236.968   899.094     0.000    3   -1   -1   -1
  12   273.956   448.805     0.000   15   -1   -1   -1
  13   283.484   432.486     0.000   17   -1   -1   -1
  14   296.959   407.054     0.000   18   -1   -1   -1
  15   317.507   743.779     0.000   10   -1   -1   -1
  16   328.279   194.083     0.000   34   -1   -1   -1
  17   331.951   889.424     0.000    4   -1   -1   -1
  18   381.038   368.481     0.000   22   -1   -1   -1
  19   391.616   801.568     0.000    6   -1   -1   -1
  20   399.773   254.806     0.000   28   -1   -1   -1
  21   423.009   191.924     0.000   35   -1   -1   -1
  22   460.551   153.231     0.000   36   -1   -1   -1
  23   471.115   199.247     0.000   33   -1   -1   -1
  24   471.679   343.689     0.000   24   -1   -1   -1
  25   493.195   791.882     0.000    8   -1   -1   -1
  26   507.345   725.078     0.000   11   -1   -1   -1
  27   511.591   627.194     0.000   13   -1   -1   -1
  28   527.154   442.551     0.000   16   -1   -1   -1
  29   535.551   797.935     0.000    7   -1   -1   -1
  30   542.825   860.945     0.000    5   -1   -1   -1
  31   614.460   363.953     0.000   23   -1   -1   -1
  32   620.189   215.477     0.000   32   -1   -1   -1
  33   638.399   143.345     0.000   37   -1   -1   -1
  34   688.506   237.809     0.000   29   -1   -1   -1
  35   781.487   391.065     0.000   19   -1   -1   -1
  36   797.622   281.833     0.000   27   -1   -1   -1
  37   804.434   908.253     0.000    1   -1   -1   -1
  38   857.876   221.878     0.000   31   -1   -1   -1
  39   898.925   123.039     0.000   38   -1   -1   -1
  40   964.316   717.348     0.000   12   -1   -1   -1
