40
   1    18.597   711.348     0.000   12   -1   -1   -1
   2    67.337   589.484     0.000   14   -1   -1   -1
   3   125.152   779.268     0.000    9   -1   -1   -1
   4   130.774   373.009     0.000   21   -1   -1   -1
   5   136.550    31.478     0.000   39   -1   -1   -1
   6   148.108   957.809     0.000    0   -1   -1   -1
   7   180.056   307.226     0.000   26   -1   -1   -1
   8   209.260   231.593     0.000   30   -1   -1   -1
   9   256.888   896.132     0.000    2   -1   -1   -1
  10   282.658   373.189     0.000   20   -1   -1   -1
  11   285.082   310.360     0.000   25   -1   -1   -1
  12   288.198   893.100     0.000    3   -1   -1   -1
  13   325.184   442.810     0.000   15   -1   -1   -1
  14   334.751   426.484     0.000   17   -1   -1   -1
  15   348.236   401.051     0.000   18   -1   -1   -1
  16   368.758   737.777     0.000   10   -1   -1   -1
  17   379.531   188.082     0.000   34   -1   -1   -1
  18   383.213   883.424     0.000    4   -1   -1   -1
  19   432.301   362.484     0.000   22   -1   -1   -1
  20   442.873   795.573     0.000    6   -1   -1   -1
  21   451.024   248.808     0.000   28   -1   -1   -1
  22   474.250   185.924     0.000   35   -1   -1   -1
  23   511.812   147.225     0.000   36   -1   -1   -1
  24   522.357   193.248     0.000   33   -1   -1   -1
  25   522.916   337.686     0.000   24   -1   -1   -1
  26   544.454   785.883     0.000    8   -1   -1   -1
  27   558.602   719.077     0.000   11   -1   -1   -1
  28   562.822   621.198     0.000   13   -1   -1   -1
  29   578.410   436.555     0.000   16   -1   -1   -1
  30   586.788   791.932     0.000    7   -1   -1   -1
  31   594.057   854.944     0.000    5   -1   -1   -1
  32   665.704   357.957     0.000   23   -1   -1   -1
  33   671.446   209.477     0.000   32   -1   -1   -1
  34   689.620   137.348     0.000   37   -1   -1   -1
  35   739.766   231.805     0.000   29   -1   -1   -1
  36   832.761   385.068     0.000   19   -1   -1   -1
  37   848.876   275.841     0.000   27   -1   -1   -1
  38   855.704   902.256     0.000    1   -1   -1   -1
  39   909.148   215.888     0.000   31   -1   -1   -1
  40   950.168   117.044     0.000   38   -1   -1   -1
