39
   1    51.381   592.519     0.000   13   -1   -1   -1
   2   109.194   782.303     0.000    9   -1   -1   -1
   3   114.848   376.042     0.000   20   -1   -1   -1
   4   120.606    34.536     0.000   38   -1   -1   -1
   5   132.155   960.838     0.000    0   -1   -1   -1
   6   164.105   310.254     0.000   25   -1   -1   -1
   7   193.303   234.628     0.000   29   -1   -1   -1
   8   240.938   899.163     0.000    2   -1   -1   -1
   9   266.708   376.222     0.000   19   -1   -1   -1
  10   269.137   313.395     0.000   24   -1   -1   -1
  11   272.243   896.134     0.000    3   -1   -1   -1
  12   309.245   445.839     0.000   14   -1   -1   -1
  13   318.799   429.526     0.000   16   -1   -1   -1
  14   332.285   404.082     0.000   17   -1   -1   -1
  15   352.807   740.812     0.000   10   -1   -1   -1
  16   363.579   191.132     0.000   33   -1   -1   -1
  17   367.264   886.459     0.000    4   -1   -1   -1
  18   416.348   365.519     0.000   21   -1   -1   -1
  19   426.918   798.607     0.000    6   -1   -1   -1
  20   435.068   251.842     0.000   27   -1   -1   -1
  21   458.331   188.957     0.000   34   -1   -1   -1
  22   495.859   150.258     0.000   35   -1   -1   -1
  23   506.402   196.279     0.000   32   -1   -1   -1
  24   506.961   340.718     0.000   23   -1   -1   -1
  25   528.496   788.914     0.000    8   -1   -1   -1
  26   542.653   722.111     0.000   11   -1   -1   -1
  27   546.867   624.229     0.000   12   -1   -1   -1
  28   562.456   439.580     0.000   15   -1   -1   -1
  29   570.832   794.970     0.000    7   -1   -1   -1
  30   578.101   857.980     0.000    5   -1   -1   -1
  31   649.751   360.983     0.000   22   -1   -1   -1
  32   655.488   212.503     0.000   31   -1   -1   -1
  33   673.666   140.376     0.000   36   -1   -1   -1
  34   723.815   234.844     0.000   28   -1   -1   -1
  35   816.801   388.098     0.000   18   -1   -1   -1
  36   832.917   278.869     0.000   26   -1   -1   -1
  37   839.746   905.288     0.000    1   -1   -1   -1
  38   893.191   218.921     0.000   30   -1   -1   -1
  39   934.242   120.075     0.000   37   -1   -1   -1
