40
   1    45.867   593.795     0.000   14   -1   -1   -1
   2   103.685   783.585     0.000    9   -1   -1   -1
   3   109.366   377.351     0.000   21   -1   -1   -1
   4   115.087    35.839     0.000   39   -1   -1   -1
   5   126.644   962.124     0.000    0   -1   -1   -1
   6   158.605   311.527     0.000   26   -1   -1   -1
   7   187.774   235.924     0.000   30   -1   -1   -1
   8   235.449   900.461     0.000    2   -1   -1   -1
   9   261.165   377.550     0.000   20   -1   -1   -1
  10   263.627   314.659     0.000   25   -1   -1   -1
  11   266.780   897.431     0.000    3   -1   -1   -1
  12   303.758   447.107     0.000   15   -1   -1   -1
  13   313.287   430.828     0.000   17   -1   -1   -1
  14   326.774   405.364     0.000   18   -1   -1   -1
  15   347.314   742.090     0.000   10   -1   -1   -1
  16   358.073   192.416     0.000   34   -1   -1   -1
  17   361.747   887.735     0.000    4   -1   -1   -1
  18   410.822   366.789     0.000   22   -1   -1   -1
  19   421.411   799.893     0.000    6   -1   -1   -1
  20   429.565   253.127     0.000   28   -1   -1   -1
  21   452.818   190.242     0.000   35   -1   -1   -1
  22   490.377   151.552     0.000   36   -1   -1   -1
  23   500.930   197.605     0.000   33   -1   -1   -1
  24   501.472   342.000     0.000   24   -1   -1   -1
  25   523.002   790.202     0.000    8   -1   -1   -1
  26   537.139   723.406     0.000   11   -1   -1   -1
  27   541.401   625.502     0.000   13   -1   -1   -1
  28   556.957   440.883     0.000   16   -1   -1   -1
  29   565.360   796.269     0.000    7   -1   -1   -1
  30   572.617   859.249     0.000    5   -1   -1   -1
  31   644.268   362.273     0.000   23   -1   -1   -1
  32   649.997   213.797     0.000   32   -1   -1   -1
  33   668.192   141.639     0.000   37   -1   -1   -1
  34   718.305   236.120     0.000   29   -1   -1   -1
  35   811.290   389.391     0.000   19   -1   -1   -1
  36   827.417   280.132     0.000   27   -1   -1   -1
  37   834.228   906.597     0.000    1   -1   -1   -1
  38   887.683   220.219     0.000   31   -1   -1   -1
  39   928.705   121.385     0.000   38   -1   -1   -1
  40   994.124   715.659     0.000   12   -1   -1   -1
