40
   1    23.231   710.456     0.000   12   -1   -1   -1
   2    71.923   588.596     0.000   14   -1   -1   -1
   3   129.733   778.378     0.000    9   -1   -1   -1
   4   135.411   372.124     0.000   21   -1   -1   -1
   5   141.124    30.626     0.000   39   -1   -1   -1
   6   152.724   956.919     0.000    0   -1   -1   -1
   7   184.656   306.333     0.000   26   -1   -1   -1
   8   213.827   230.706     0.000   30   -1   -1   -1
   9   261.493   895.277     0.000    2   -1   -1   -1
  10   287.220   372.302     0.000   20   -1   -1   -1
  11   289.676   309.466     0.000   25   -1   -1   -1
  12   292.834   892.208     0.000    3   -1   -1   -1
  13   329.826   441.915     0.000   15   -1   -1   -1
  14   339.341   425.608     0.000   17   -1   -1   -1
  15   352.823   400.161     0.000   18   -1   -1   -1
  16   373.366   736.906     0.000   10   -1   -1   -1
  17   384.139   187.207     0.000   34   -1   -1   -1
  18   387.796   882.536     0.000    4   -1   -1   -1
  19   436.875   361.595     0.000   22   -1   -1   -1
  20   447.474   794.695     0.000    6   -1   -1   -1
  21   455.614   247.923     0.000   28   -1   -1   -1
  22   478.870   185.038     0.000   35   -1   -1   -1
  23   516.425   146.362     0.000   36   -1   -1   -1
  24   526.980   192.356     0.000   33   -1   -1   -1
  25   527.517   336.798     0.000   24   -1   -1   -1
  26   549.056   784.996     0.000    8   -1   -1   -1
  27   563.208   718.199     0.000   11   -1   -1   -1
  28   567.453   620.306     0.000   13   -1   -1   -1
  29   583.012   435.659     0.000   16   -1   -1   -1
  30   591.417   791.049     0.000    7   -1   -1   -1
  31   598.693   854.055     0.000    5   -1   -1   -1
  32   670.321   357.053     0.000   23   -1   -1   -1
  33   676.047   208.575     0.000   32   -1   -1   -1
  34   694.272   136.448     0.000   37   -1   -1   -1
  35   744.352   230.919     0.000   29   -1   -1   -1
  36   837.343   384.177     0.000   19   -1   -1   -1
  37   853.473   274.940     0.000   27   -1   -1   -1
  38   860.274   901.388     0.000    1   -1   -1   -1
  39   913.736   215.007     0.000   31   -1   -1   -1
  40   954.787   116.151     0.000   38   -1   -1   -1
