40
   1    44.481   788.511     0.000    9   -1   -1   -1
   2    50.145   382.283     0.000   21   -1   -1   -1
   3    55.897    40.766     0.000   39   -1   -1   -1
   4    67.463   967.051     0.000    0   -1   -1   -1
   5    99.413   316.461     0.000   26   -1   -1   -1
   6   128.582   240.835     0.000   30   -1   -1   -1
   7   176.231   905.399     0.000    2   -1   -1   -1
   8   201.982   382.453     0.000   20   -1   -1   -1
   9   204.436   319.597     0.000   25   -1   -1   -1
  10   207.557   902.357     0.000    3   -1   -1   -1
  11   244.546   452.040     0.000   15   -1   -1   -1
  12   254.076   435.761     0.000   17   -1   -1   -1
  13   267.575   410.291     0.000   18   -1   -1   -1
  14   288.090   747.028     0.000   10   -1   -1   -1
  15   298.872   197.347     0.000   34   -1   -1   -1
  16   302.546   892.666     0.000    4   -1   -1   -1
  17   351.634   371.725     0.000   22   -1   -1   -1
  18   362.191   804.830     0.000    6   -1   -1   -1
  19   370.379   258.057     0.000   28   -1   -1   -1
  20   393.591   195.173     0.000   35   -1   -1   -1
  21   431.155   156.483     0.000   36   -1   -1   -1
  22   441.730   202.511     0.000   33   -1   -1   -1
  23   442.248   346.930     0.000   24   -1   -1   -1
  24   463.797   795.137     0.000    8   -1   -1   -1
  25   477.947   728.338     0.000   11   -1   -1   -1
  26   482.206   630.435     0.000   13   -1   -1   -1
  27   497.732   445.787     0.000   16   -1   -1   -1
  28   506.165   801.207     0.000    7   -1   -1   -1
  29   513.404   864.186     0.000    5   -1   -1   -1
  30   585.045   367.203     0.000   23   -1   -1   -1
  31   590.788   218.733     0.000   32   -1   -1   -1
  32   608.979   146.573     0.000   37   -1   -1   -1
  33   659.103   241.052     0.000   29   -1   -1   -1
  34   752.076   394.322     0.000   19   -1   -1   -1
  35   768.191   285.069     0.000   27   -1   -1   -1
  36   775.030   911.530     0.000    1   -1   -1   -1
  37   828.481   225.152     0.000   31   -1   -1   -1
  38   869.518   126.317     0.000   38   -1   -1   -1
  39   934.897   720.594     0.000   12   -1   -1   -1
  40   984.625   598.733     0.000   14   -1   -1   -1
