39
   1    60.139   785.474     0.000    9   -1   -1   -1
   2    65.762   379.246     0.000   20   -1   -1   -1
   3    71.524    37.732     0.000   38   -1   -1   -1
   4    83.097   964.012     0.000    0   -1   -1   -1
   5   115.051   313.416     0.000   25   -1   -1   -1
   6   144.248   237.792     0.000   29   -1   -1   -1
   7   191.880   902.357     0.000    2   -1   -1   -1
   8   217.648   379.403     0.000   19   -1   -1   -1
   9   220.081   316.555     0.000   24   -1   -1   -1
  10   223.191   899.304     0.000    3   -1   -1   -1
  11   260.173   449.002     0.000   14   -1   -1   -1
  12   269.730   432.707     0.000   16   -1   -1   -1
  13   283.227   407.255     0.000   17   -1   -1   -1
  14   303.749   743.992     0.000   10   -1   -1   -1
  15   314.524   194.304     0.000   33   -1   -1   -1
  16   318.205   889.627     0.000    4   -1   -1   -1
  17   367.293   368.686     0.000   21   -1   -1   -1
  18   377.867   801.792     0.000    6   -1   -1   -1
  19   386.009   255.013     0.000   27   -1   -1   -1
  20   409.242   192.134     0.000   34   -1   -1   -1
  21   446.804   153.446     0.000   35   -1   -1   -1
  22   457.345   199.447     0.000   32   -1   -1   -1
  23   457.906   343.890     0.000   23   -1   -1   -1
  24   479.445   792.092     0.000    8   -1   -1   -1
  25   493.591   725.298     0.000   11   -1   -1   -1
  26   497.815   627.389     0.000   13   -1   -1   -1
  27   513.403   442.743     0.000   15   -1   -1   -1
  28   521.785   798.169     0.000    7   -1   -1   -1
  29   529.047   861.142     0.000    5   -1   -1   -1
  30   600.697   364.161     0.000   22   -1   -1   -1
  31   606.440   215.660     0.000   31   -1   -1   -1
  32   624.615   143.537     0.000   36   -1   -1   -1
  33   674.757   238.015     0.000   28   -1   -1   -1
  34   767.730   391.283     0.000   18   -1   -1   -1
  35   783.866   282.031     0.000   26   -1   -1   -1
  36   790.693   908.486     0.000    1   -1   -1   -1
  37   844.135   222.114     0.000   30   -1   -1   -1
  38   885.164   123.281     0.000   37   -1   -1   -1
  39   950.544   717.549     0.000   12   -1   -1   -1
