40
   1    33.629   710.839     0.000   12   -1   -1   -1
   2    82.368   589.003     0.000   14   -1   -1   -1
   3   140.177   778.765     0.000    9   -1   -1   -1
   4   145.826   372.525     0.000   21   -1   -1   -1
   5   151.580    31.015     0.000   39   -1   -1   -1
   6   163.136   957.344     0.000    0   -1   -1   -1
   7   195.088   306.707     0.000   26   -1   -1   -1
   8   224.284   231.121     0.000   30   -1   -1   -1
   9   271.914   895.639     0.000    2   -1   -1   -1
  10   297.689   372.753     0.000   20   -1   -1   -1
  11   300.110   309.872     0.000   25   -1   -1   -1
  12   303.231   892.648     0.000    3   -1   -1   -1
  13   340.211   442.306     0.000   15   -1   -1   -1
  14   349.788   426.008     0.000   17   -1   -1   -1
  15   363.260   400.553     0.000   18   -1   -1   -1
  16   383.784   737.295     0.000   10   -1   -1   -1
  17   394.557   187.618     0.000   34   -1   -1   -1
  18   398.246   882.939     0.000    4   -1   -1   -1
  19   447.332   362.005     0.000   22   -1   -1   -1
  20   457.903   795.076     0.000    6   -1   -1   -1
  21   466.048   248.344     0.000   28   -1   -1   -1
  22   489.288   185.453     0.000   35   -1   -1   -1
  23   526.841   146.728     0.000   36   -1   -1   -1
  24   537.385   192.790     0.000   33   -1   -1   -1
  25   537.945   337.190     0.000   24   -1   -1   -1
  26   559.479   785.410     0.000    8   -1   -1   -1
  27   573.631   718.609     0.000   11   -1   -1   -1
  28   577.849   620.686     0.000   13   -1   -1   -1
  29   593.442   436.080     0.000   16   -1   -1   -1
  30   601.818   791.452     0.000    7   -1   -1   -1
  31   609.091   854.461     0.000    5   -1   -1   -1
  32   680.739   357.465     0.000   23   -1   -1   -1
  33   686.473   208.991     0.000   32   -1   -1   -1
  34   704.652   136.845     0.000   37   -1   -1   -1
  35   754.798   231.315     0.000   29   -1   -1   -1
  36   847.783   384.598     0.000   19   -1   -1   -1
  37   863.899   275.337     0.000   27   -1   -1   -1
  38   870.733   901.805     0.000    1   -1   -1   -1
  39   924.170   215.415     0.000   31   -1   -1   -1
  40   965.232   116.560     0.000   38   -1   -1   -1
