40
   1    40.490   592.383     0.000   14   -1   -1   -1
   2    98.296   782.168     0.000    9   -1   -1   -1
   3   103.957   375.906     0.000   21   -1   -1   -1
   4   109.714    34.364     0.000   39   -1   -1   -1
   5   121.262   960.705     0.000    0   -1   -1   -1
   6   153.237   310.094     0.000   26   -1   -1   -1
   7   182.405   234.496     0.000   30   -1   -1   -1
   8   230.040   899.028     0.000    2   -1   -1   -1
   9   255.812   376.095     0.000   20   -1   -1   -1
  10   258.265   313.268     0.000   25   -1   -1   -1
  11   261.347   896.001     0.000    3   -1   -1   -1
  12   298.355   445.686     0.000   15   -1   -1   -1
  13   307.899   429.377     0.000   17   -1   -1   -1
  14   321.389   403.914     0.000   18   -1   -1   -1
  15   341.928   740.676     0.000   10   -1   -1   -1
  16   352.686   190.991     0.000   34   -1   -1   -1
  17   356.367   886.326     0.000    4   -1   -1   -1
  18   405.451   365.384     0.000   22   -1   -1   -1
  19   416.022   798.453     0.000    6   -1   -1   -1
  20   424.176   251.678     0.000   28   -1   -1   -1
  21   447.424   188.815     0.000   35   -1   -1   -1
  22   484.965   150.124     0.000   36   -1   -1   -1
  23   495.524   196.147     0.000   33   -1   -1   -1
  24   496.066   340.591     0.000   24   -1   -1   -1
  25   517.597   788.780     0.000    8   -1   -1   -1
  26   531.763   721.980     0.000   11   -1   -1   -1
  27   535.998   624.073     0.000   13   -1   -1   -1
  28   551.557   439.456     0.000   16   -1   -1   -1
  29   559.968   794.810     0.000    7   -1   -1   -1
  30   567.202   857.850     0.000    5   -1   -1   -1
  31   638.862   360.832     0.000   23   -1   -1   -1
  32   644.585   212.382     0.000   32   -1   -1   -1
  33   662.798   140.216     0.000   37   -1   -1   -1
  34   712.919   234.704     0.000   29   -1   -1   -1
  35   805.900   387.971     0.000   19   -1   -1   -1
  36   822.018   278.725     0.000   27   -1   -1   -1
  37   828.851   905.153     0.000    1   -1   -1   -1
  38   882.296   218.788     0.000   31   -1   -1   -1
  39   923.344   119.937     0.000   38   -1   -1   -1
  40   988.701   714.246     0.000   12   -1   -1   -1
