40
   1    12.043   596.228     0.000   14   -1   -1   -1
   2    69.827   785.987     0.000    9   -1   -1   -1
   3    75.511   379.715     0.000   21   -1   -1   -1
   4    81.221    38.204     0.000   39   -1   -1   -1
   5    92.825   964.522     0.000    0   -1   -1   -1
   6   124.751   313.933     0.000   26   -1   -1   -1
   7   153.952   238.340     0.000   30   -1   -1   -1
   8   201.593   902.861     0.000    2   -1   -1   -1
   9   227.329   379.949     0.000   20   -1   -1   -1
  10   229.770   317.072     0.000   25   -1   -1   -1
  11   232.929   899.847     0.000    3   -1   -1   -1
  12   269.921   449.514     0.000   15   -1   -1   -1
  13   279.444   433.203     0.000   17   -1   -1   -1
  14   292.926   407.753     0.000   18   -1   -1   -1
  15   313.471   744.507     0.000   10   -1   -1   -1
  16   324.242   194.815     0.000   34   -1   -1   -1
  17   327.889   890.165     0.000    4   -1   -1   -1
  18   377.003   369.230     0.000   22   -1   -1   -1
  19   387.578   802.272     0.000    6   -1   -1   -1
  20   395.704   255.531     0.000   28   -1   -1   -1
  21   418.972   192.636     0.000   35   -1   -1   -1
  22   456.517   153.956     0.000   36   -1   -1   -1
  23   467.086   199.986     0.000   33   -1   -1   -1
  24   467.648   344.384     0.000   24   -1   -1   -1
  25   489.160   792.597     0.000    8   -1   -1   -1
  26   503.307   725.827     0.000   11   -1   -1   -1
  27   507.554   627.904     0.000   13   -1   -1   -1
  28   523.112   443.299     0.000   16   -1   -1   -1
  29   531.514   798.653     0.000    7   -1   -1   -1
  30   538.788   861.692     0.000    5   -1   -1   -1
  31   610.424   364.675     0.000   23   -1   -1   -1
  32   616.148   216.194     0.000   32   -1   -1   -1
  33   634.363   144.053     0.000   37   -1   -1   -1
  34   684.475   238.527     0.000   29   -1   -1   -1
  35   777.451   391.820     0.000   19   -1   -1   -1
  36   793.577   282.546     0.000   27   -1   -1   -1
  37   800.388   909.000     0.000    1   -1   -1   -1
  38   853.841   222.620     0.000   31   -1   -1   -1
  39   894.887   123.750     0.000   38   -1   -1   -1
  40   960.280   718.068     0.000   12   -1   -1   -1
