40
   1    50.039   787.293     0.000    9   -1   -1   -1
   2    55.683   381.032     0.000   21   -1   -1   -1
   3    61.415    39.508     0.000   39   -1   -1   -1
   4    73.008   965.826     0.000    0   -1   -1   -1
   5   104.962   315.244     0.000   26   -1   -1   -1
   6   134.144   239.618     0.000   30   -1   -1   -1
   7   181.793   904.157     0.000    2   -1   -1   -1
   8   207.550   381.212     0.000   20   -1   -1   -1
   9   209.984   318.380     0.000   25   -1   -1   -1
  10   213.107   901.118     0.000    3   -1   -1   -1
  11   250.097   450.831     0.000   15   -1   -1   -1
  12   259.634   434.510     0.000   17   -1   -1   -1
  13   273.144   409.076     0.000   18   -1   -1   -1
  14   293.662   745.799     0.000   10   -1   -1   -1
  15   304.431   196.122     0.000   34   -1   -1   -1
  16   308.122   891.447     0.000    4   -1   -1   -1
  17   357.212   370.506     0.000   22   -1   -1   -1
  18   367.779   803.589     0.000    6   -1   -1   -1
  19   375.921   256.831     0.000   28   -1   -1   -1
  20   399.159   193.942     0.000   35   -1   -1   -1
  21   436.691   155.249     0.000   36   -1   -1   -1
  22   447.262   201.271     0.000   33   -1   -1   -1
  23   447.828   345.708     0.000   24   -1   -1   -1
  24   469.365   793.904     0.000    8   -1   -1   -1
  25   483.503   727.098     0.000   11   -1   -1   -1
  26   487.729   629.215     0.000   13   -1   -1   -1
  27   503.324   444.572     0.000   16   -1   -1   -1
  28   511.698   799.955     0.000    7   -1   -1   -1
  29   518.967   862.969     0.000    5   -1   -1   -1
  30   590.612   365.972     0.000   23   -1   -1   -1
  31   596.363   217.494     0.000   32   -1   -1   -1
  32   614.536   145.366     0.000   37   -1   -1   -1
  33   664.674   239.833     0.000   29   -1   -1   -1
  34   757.648   393.090     0.000   19   -1   -1   -1
  35   773.784   283.859     0.000   27   -1   -1   -1
  36   780.591   910.276     0.000    1   -1   -1   -1
  37   834.045   223.904     0.000   31   -1   -1   -1
  38   875.075   125.064     0.000   38   -1   -1   -1
  39   940.459   719.370     0.000   12   -1   -1   -1
  40   990.193   597.511     0.000   14   -1   -1   -1
