39
   1    66.949   711.847     0.000   12   -1   -1   -1
   2   115.666   590.020     0.000   14   -1   -1   -1
   3   173.481   779.785     0.000    9   -1   -1   -1
   4   179.144   373.539     0.000   21   -1   -1   -1
   5   184.897    32.025     0.000   38   -1   -1   -1
   6   196.462   958.354     0.000    0   -1   -1   -1
   7   228.414   307.715     0.000   26   -1   -1   -1
   8   257.586   232.132     0.000   30   -1   -1   -1
   9   305.230   896.649     0.000    2   -1   -1   -1
  10   330.981   373.766     0.000   20   -1   -1   -1
  11   333.440   310.879     0.000   25   -1   -1   -1
  12   336.561   893.662     0.000    3   -1   -1   -1
  13   373.550   443.321     0.000   15   -1   -1   -1
  14   383.075   427.017     0.000   17   -1   -1   -1
  15   396.572   401.567     0.000   18   -1   -1   -1
  16   417.092   738.315     0.000   10   -1   -1   -1
  17   427.870   188.624     0.000   34   -1   -1   -1
  18   431.546   883.958     0.000    4   -1   -1   -1
  19   480.627   363.015     0.000   22   -1   -1   -1
  20   491.196   796.086     0.000    6   -1   -1   -1
  21   499.382   249.355     0.000   28   -1   -1   -1
  22   522.592   186.462     0.000   35   -1   -1   -1
  23   560.155   147.737     0.000   36   -1   -1   -1
  24   570.729   193.802     0.000   33   -1   -1   -1
  25   571.250   338.195     0.000   24   -1   -1   -1
  26   592.793   786.420     0.000    8   -1   -1   -1
  27   606.949   719.617     0.000   11   -1   -1   -1
  28   611.206   621.698     0.000   13   -1   -1   -1
  29   626.732   437.085     0.000   16   -1   -1   -1
  30   635.173   792.465     0.000    7   -1   -1   -1
  31   642.409   855.480     0.000    5   -1   -1   -1
  32   714.066   358.476     0.000   23   -1   -1   -1
  33   719.790   210.004     0.000   32   -1   -1   -1
  34   737.983   137.864     0.000   37   -1   -1   -1
  35   788.103   232.323     0.000   29   -1   -1   -1
  36   881.074   385.604     0.000   19   -1   -1   -1
  37   897.193   276.348     0.000   27   -1   -1   -1
  38   904.027   902.818     0.000    1   -1   -1   -1
  39   957.480   216.430     0.000   31   -1   -1   -1
