40
   1    40.099   788.187     0.000    9   -1   -1   -1
   2    45.720   381.920     0.000   21   -1   -1   -1
   3    51.458    40.385     0.000   39   -1   -1   -1
   4    63.051   966.721     0.000    0   -1   -1   -1
   5    95.004   316.117     0.000   26   -1   -1   -1
   6   124.206   240.515     0.000   30   -1   -1   -1
   7   171.839   905.048     0.000    2   -1   -1   -1
   8   197.590   382.112     0.000   20   -1   -1   -1
   9   200.026   319.285     0.000   25   -1   -1   -1
  10   203.143   902.023     0.000    3   -1   -1   -1
  11   240.135   451.710     0.000   15   -1   -1   -1
  12   249.685   435.397     0.000   17   -1   -1   -1
  13   263.184   409.935     0.000   18   -1   -1   -1
  14   283.705   746.693     0.000   10   -1   -1   -1
  15   294.478   197.011     0.000   34   -1   -1   -1
  16   298.163   892.342     0.000    4   -1   -1   -1
  17   347.247   371.399     0.000   22   -1   -1   -1
  18   357.816   804.481     0.000    6   -1   -1   -1
  19   365.967   257.696     0.000   28   -1   -1   -1
  20   389.198   194.840     0.000   35   -1   -1   -1
  21   426.759   156.144     0.000   36   -1   -1   -1
  22   437.303   202.166     0.000   33   -1   -1   -1
  23   437.862   346.607     0.000   24   -1   -1   -1
  24   459.402   794.798     0.000    8   -1   -1   -1
  25   473.547   727.999     0.000   11   -1   -1   -1
  26   477.770   630.096     0.000   13   -1   -1   -1
  27   493.359   445.471     0.000   16   -1   -1   -1
  28   501.737   800.832     0.000    7   -1   -1   -1
  29   509.002   863.868     0.000    5   -1   -1   -1
  30   580.649   366.854     0.000   23   -1   -1   -1
  31   586.398   218.402     0.000   32   -1   -1   -1
  32   604.576   146.238     0.000   37   -1   -1   -1
  33   654.713   240.728     0.000   29   -1   -1   -1
  34   747.687   393.988     0.000   19   -1   -1   -1
  35   763.821   284.738     0.000   27   -1   -1   -1
  36   770.641   911.171     0.000    1   -1   -1   -1
  37   824.085   224.800     0.000   31   -1   -1   -1
  38   865.116   125.958     0.000   38   -1   -1   -1
  39   930.502   720.268     0.000   12   -1   -1   -1
  40   980.236   598.403     0.000   14   -1   -1   -1
